
0000.1240		0.9990		1.29E-6
0000.1550		1.000		2.92E-6
0000.2066		1.002		8.36E-6
0000.2480		1.001		1.52E-5
0000.2755		1.001		2.21E-5
0000.3099		1.003		3.57E-5
0000.3444		1.003		3.24E-5
0000.3542		1.003		1.72E-5
0000.4133		1.001		1.43E-5
0000.4959		1.001		2.40E-5
0000.6199		1.001		4.72E-5
0000.8265		0.999		1.21E-4
0001.240		0.998		5.23E-4
0001.550		0.997		1.08E-3
0001.675		0.998		1.42E-3
0002.066		0.997		2.69E-3
0002.480		0.997		4.57E-3
0003.099		0.998		8.82E-3
0003.351		1.007		8.23E-3
0003.542		1.001		1.68E-3
0004.133		0.996		2.32E-3
0004.428		0.994		2.70E-3
0004.768		0.992		3.11E-3
0005.166		0.989		3.50E-3
0005.635		0.987		3.45E-3
0006.199		0.982		3.77E-3
0006.888		0.978		4.31E-3
0007.293		0.973		4.42E-3
0007.749		0.968		4.38E-3
0008.265		0.963		4.07E-3
0008.856		0.955		3.54E-3
0009.537		0.943		3.66E-3
0010.33			0.926		6.22E-3
0011.27			0.902		1.72E-2
0011.81			0.890		2.61E-2
0012.40			0.876		3.82E-2
0013.05			0.861		5.65E-2
0013.78			0.849		8.24E-2
0014.59			0.846		0.111
0015.50			0.848		0.139
0015.89			0.851		0.149
0016.31			0.853		0.158
0016.75			0.853		0.166
0017.22			0.851		0.181
0017.71			0.859		0.197
0018.23			0.871		0.208
0018.78			0.883		0.211
0019.37			0.885		0.210
0020.00			0.881		0.211
0020.66			0.873		0.221
0021.38			0.868		0.237
0022.14			0.871		0.259
0022.96			0.885		0.274
0023.39			0.890		0.275
0023.84			0.889		0.276
0024.31			0.886		0.281
0024.80			0.884		0.290
0025.30			0.885		0.300
0025.83			0.888		0.309
0026.38			0.893		0.317
0026.95			0.896		0.323
0028.18			0.899		0.334
0029.52			0.897		0.349
0030.99			0.896		0.368
0031.79			0.895		0.378
0032.63			0.892		0.388
0033.51			0.885		0.400
0034.44			0.876		0.418
0035.42			0.865		0.454
0036.46			0.879		0.489
0037.57			0.899		0.514
0038.74			0.921		0.528
0039.99			0.932		0.534
0041.32			0.931		0.541
0042.75			0.919		0.557
0043.50			0.911		0.572
0044.28			0.902		0.590
0045.08			0.851		0.616
0045.92			0.886		0.650
0045.92			0.882		0.399		
0046.79			0.886		0.421
0047.69			0.887		0.444
0048.62			0.891		0.468
0050.61			0.906		0.522
0052.76			0.943		0.584
0053.91			0.980		0.614
0055.10			1.029		0.624
0056.36			1.075		0.615
0057.67			1.104		0.584
0059.04			1.109		0.561
0060.48			1.105		0.549
0061.99			1.098		0.548
0065.26			1.096		0.565
0068.88			1.101		0.593
0072.93			1.121		0.635
0077.49			1.167		0.676
0079.99			1.202		0.691
0082.66			1.243		0.693
0085.51			1.281		0.679
0088.56			1.308		0.656
0091.84			1.322		0.628
0095.37			1.322		0.603
0099.19			1.315		0.588
0102.5			1.308		0.581
0105.1			1.304		0.578
0107.8			1.300		0.573
0110.7			1.293		0.566
0113.7			1.280		0.560
0117.0			1.265		0.560
0120.4			1.252		0.564
0124.0			1.241		0.568
0127.8			1.229		0.566
0134.8			1.182		0.550
0137.8			1.149		0.552
0140.9			1.112		0.563
0144.2			1.073		0.581
0147.6			1.032		0.610
0151.2			0.993		0.653
0155.0			0.962		0.706
0159.0			0.940		0.770
0163.1			0.935		0.832
0167.5			0.936		0.892
0172.2			0.942		0.951
0177.1			0.953		1.01
0182.3			0.969		1.07
0187.9			0.995		1.13
0193.7			1.028		1.18
0196.8			1.048		1.21
0200.0			1.072		1.24
0203.3			1.098		1.26
0206.6			1.125		1.27
0213.8			1.173		1.29
0221.4			1.208		1.30
0229.6			1.238		1.31
0238.4			1.265		1.33
0248.0			1.298		1.35
0253.0			1.320		1.35
0258.3			1.343		1.35
0263.8			1.372		1.35
0269.5			1.404		1.33
0275.5			1.441		1.31
0281.8			1.476		1.26
0288.3			1.502		1.19
0295.2			1.519		1.08
0298.8			1.522		0.992
0302.4			1.496		0.882
0306.1			1.432		0.766
0310.0			1.323		0.647
0311.5			1.246		0.586
0313.9			1.149		0.540
0315.5			1.044		0.514
0317.9			0.932		0.504
0319.5			0.815		0.526
0322.0			0.708		0.565
0323.7			0.616		0.609
0326.3			0.526		0.663
0330.6			0.371		0.813
0332.4			0.321		0.902
0335.1			0.294		0.986
0339.7			0.259		1.12
0344.4			0.238		1.24
0354.2			0.209		1.44
0364.7			0.186		1.61
0375.7			0.200		1.67
0387.5			0.192		1.81
0400.0			0.173		1.95
0413.3			0.173		2.11
0427.5			0.160		2.26
0442.8			0.157		2.40
0459.2			0.144		2.56
0476.9			0.132		2.72
0495.9			0.130		2.88
0516.6			0.130		3.07
0539.1			0.129		3.25
0563.6			0.120		3.45
0590.4			0.121		3.66
0619.9			0.131		3.88
0652.6			0.140		4.15
0688.8			0.140		4.44
0729.3			0.148		4.74
0774.9			0.143		5.09
0826.6			0.145		5.50
0885.6			0.163		5.95
0953.7			0.198		6.43
1033.			0.226		6.99
1127.			0.251		7.67
1240.			0.329		8.49
1265.			0.375		7.78
1291.			0.383		7.92
1305.			0.358		8.95
1319.			0.392		8.06
1348.			0.401		8.21
1378.			0.411		8.37
1378.			0.396		9.48
1409.			0.421		8.37		
1442.			0.431		8.70
1459.			0.446		10.1
1476.			0.442		8.88
1512.			0.455		9.08
1550.			0.469		9.32
1550.			0.514		10.8
1590.			0.485		9.57
1631.			0.501		9.84
1653.			0.624		11.5
1675.			0.519		10.1
1722.			0.537		10.4
1771.			0.557		10.7
1771.			0.844		12.2
1823.			0.578		11.1
1879.			0.600		11.4
1907.			0.873		13.3
1937.			0.624		11.8
2000.			0.650		12.2
2066.			0.668		12.6
2066.			1.064		14.4		
2138.			0.729		13.0		
2214.			0.774		13.5
2296.			0.823		14.0
2384.			0.878		14.5
2480.			0.939		15.1
2583.			1.007		15.7
2695.			1.083		16.4
2818.			1.168		17.1
2952.			1.265		17.9
3100.			1.387		18.8
3263.			1.536		19.8
3444.			1.710		20.9
3647.			1.915		22.1
3875.			2.160		23.5
4133.			2.446		25.1
4428.			2.786		26.9
4769.			3.202		29.0
5166.			3.732		31.3
5636.			4.425		34.0
6199.			5.355		37.0
6526.			5.960		38.6
6888.			6.670		40.4
7293.			7.461		42.5
7749.			8.376		44.8
8266.			9.441		47.1
8856.			10.69		49.4
9537.			12.21		52.2
9919.			13.11		53.7
