000.125		0.9999719		2.39E-6			
000.135		0.9999665		3.13E-6
000.145		0.9999608		4.02E-6
000.150		0.9999578		4.52E-6
000.175		0.9999415		7.78E-6
000.200		0.9999227		1.25E-5
000.250		0.999879		2.75E-5
000.300		0.999831		5.25E-5
000.350		0.999794		9.07E-5
000.400		0.999769		1.20E-4
000.500		0.999706		2.36E-4
000.600		0.999637		9.88E-5
000.700		0.999395		1.68E-4
000.800		0.999156		2.67E-4
000.834		0.999085		3.10E-4
000.989		0.99885			4.40E-4
001.044		0.99871			5.33E-4
001.225		0.99820			9.40E-4
001.334		0.99788			1.23E-3
001.456		0.99759			1.57E-3
001.597		0.99734			1.86E-3
001.759		0.99708			2.34E-3
001.945		0.99665			2.68E-3
002.164		0.99652			2.85E-3
002.362		0.99624			3.76E-3
002.478		0.99600			5.60E-3
002.742		0.99592			6.10E-3
003.136		0.99525			6.15E-3
004.133		0.99100			8.95E-3
004.769		0.988			1.06E-2
005.636		0.986			1.18E-2
006.199		0.983			1.15E-2
006.888		0.979			1.07E-2
008.265		0.963			1.01E-2
010.33		0.929			1.78E-2
011.27		0.911			2.83E-2
011.81		0.900			3.53E-2
012.40		0.889			4.54E-2
014.09		0.889			5.54E-2			
014.17		0.888			5.58E-2
014.25		0.887			5.76E-2
014.42		0.886			6.13E-2
014.59		0.887			6.48E-2
014.67		0.888			6.54E-2
014.76		0.888			6.33E-2
014.85		0.885			6.37E-2
014.94		0.884			6.53E-2
015.12		0.881			6.82E-2
015.50		0.878			7.52E-2
015.89		0.875			8.18E-2
016.31		0.873			8.71E-2
016.75		0.869			9.27E-2
017.22		0.862			9.97E-2
017.71		0.857			0.112
018.23		0.855			0.124
018.78		0.856			0.136
019.37		0.857			0.147
020.00		0.859			0.156
020.66		0.863			0.162
021.38		0.861			0.166
022.14		0.856			0.171
022.96		0.848			0.180
023.84		0.839			0.190
024.80		0.828			0.204
025.30		0.821			0.213
025.83		0.814			0.225
026.38		0.809			0.238
026.95		0.805			0.254
027.55		0.805			0.270
028.18		0.807			0.282
028.83		0.807			0.292
029.52		0.804			0.303
030.24		0.799			0.317
030.99		0.795			0.334
031.79		0.793			0.353
032.63		0.791			0.371
033.51		0.788			0.391
034.44		0.786			0.414
035.42		0.783			0.439
036.46		0.779			0.473
037.57		0.781			0.515
038.74		0.805			0.570
039.99		0.851			0.596
040.65		0.870			0.601
041.33		0.887			0.603
042.03		0.900			0.601
042.75		0.905			0.599
044.28		0.901			0.607
045.92		0.895			0.635
047.0		0.855			0.548
047.68		0.896			0.679
048.0		0.846			0.565
049.0		0.846			0.600
050.0		0.850			0.645
051.0		0.860			0.695
052.0		0.872			0.740
053.0		0.890			0.795
054.0		0.915			0.825
055.0		0.950			0.840
056.0		0.985			0.848
057.0		1.022			0.850
058.0		1.055			0.842
059.0		1.085			0.830
060.0		1.113			0.813
061.0		1.134			0.795
062.0		1.146			0.770
063.0		1.153			0.750
064.0		1.157			0.730
065.0		1.155			0.710
066.0		1.140			0.700
067.0		1.125			0.694
068.0		1.107			0.687
069.0		1.088			0.680
070.0		1.075			0.678
071.0		1.060			0.680
072.0		1.050			0.685
073.0		1.042			0.690
074.0		1.038			0.697
075.0		1.033			0.704
076.0		1.030			0.713
077.0		1.029			0.720
078.0		1.028			0.730
079.0		1.028			0.739
080.0		1.029			0.745
081.0		1.030			0.752
082.0		1.033			0.759
083.0		1.037			0.765
084.0		1.041			0.770
085.0		1.048			0.775
086.0		1.053			0.780
087.0		1.061			0.784
088.0		1.070			0.789
089.0		1.080			0.793
090.0		1.090			0.798
091.0		1.100			0.801
092.0		1.110			0.806
093.0		1.121			0.809
094.0		1.133			0.812
095.0		1.146			0.815
096.0		1.159			0.819
097.0		1.170			0.823
098.0		1.180			0.826
099.0		1.190			0.831
100.0		1.200			0.836
101.0		1.207			0.842
102.0		1.210			0.848
103.0		1.213			0.853
104.0		1.215			0.860
105.0		1.217			0.865
106.0		1.217			0.870
107.0		1.218			0.878
108.0		1.218			0.885
109.0		1.220			0.893
110.0		1.222			0.900
111.0		1.223			0.907
112.0		1.225			0.914
113.0		1.228			0.922
114.0		1.232			0.927
115.0		1.237			0.932
116.0		1.242			0.935
117.0		1.247			0.942
118.0		1.250			0.950
119.0		1.255			0.955
120.0		1.260			0.962
121.0		1.265			0.967
122.0		1.270			0.975
123.0		1.275			0.982
124.0		1.280			0.987
125.0		1.285			0.994
126.0		1.290			1.000
127.0		1.295			1.005
128.0		1.300			1.012
129.0		1.304			1.017
130.0		1.308			1.020
131.0		1.313			1.027
132.0		1.318			1.032
133.0		1.323			1.038
134.0		1.328			1.045
135.0		1.333			1.050
136.0		1.338			1.053
137.0		1.345			1.058
138.0		1.350			1.063
139.0		1.355			1.067
140.0		1.360			1.072
145.0		1.386			1.089
150.0		1.419			1.102
155.0		1.450			1.108
160.0		1.483			1.106
165.0		1.512			1.093
170.0		1.519			1.070
175.0		1.500			1.070
180.0		1.470			1.085
185.0		1.442			1.107
190.0		1.427			1.135
195.0		1.424			1.170
200.0		1.427			1.215
206.6		1.422			1.306
210.1		1.430			1.334
213.8		1.432			1.364
217.5		1.438			1.388
221.4		1.442			1.418
225.4		1.452			1.442
229.6		1.454			1.478
233.9		1.462			1.510
238.4		1.470			1.550
243.1		1.478			1.590
248.0		1.484			1.636
253.0		1.490			1.698
258.3		1.504			1.748
263.8		1.546			1.784
269.5		1.598			1.822
275.5		1.648			1.852
281.8		1.690			1.882
288.3		1.742			1.900
295.2		1.776			1.918
302.4		1.812			1.920
310.0		1.830			1.916
317.9		1.840			1.904
326.3		1.824			1.878
335.1		1.798			1.860
344.4		1.766			1.846
354.2		1.740			1.848
364.7		1.716			1.862
375.7		1.696			1.906
387.5		1.674			1.936
400.0		1.658			1.956
413.3		1.636			1.958
427.5		1.616			1.940
442.8		1.562			1.904
459.2		1.426			1.846
476.9		1.242			1.796
495.9		0.916			1.840
516.6		0.608			2.120
539.1		0.402			2.540
563.6		0.306			2.88
652.6		0.166			3.15
688.8		0.160			3.80
729.3		0.164			4.35
774.9		0.174			4.86
826.6		0.188			5.39
885.6		0.210			5.88
953.7		0.236			6.47
1033.0		0.272			7.07
1127.0		0.312			7.93
1240.0		0.372			8.77
1265.0		0.389			8.09
1291.0		0.403			8.25
1319.0		0.419			8.42
1384.0		0.436			8.59
1378.0		0.454			8.77
1378.0		0.458			9.72
1409.0		0.473			8.96
1442.0		0.493			9.15
1476.0		0.515			9.36
1512.0		0.537			9.58
1550.0		0.559			9.81
1550.0		0.550			11.5
1590.0		0.583			10.1
1631.0		0.609			10.3
1675.0		0.636			10.6
1722.0		0.665			10.9
1771.0		0.696			11.2
1771.0		0.726			12.9
1823.0		0.730			11.5
1879.0		0.767			11.9
1937.0		0.807			12.2
2000.0		0.850			12.6
2066.0		0.896			13.0
2066.0		0.976			15.1
2138.0		0.947			13.4
2214.0		1.002			13.9
2296.0		1.063			14.4
2384.0		1.130			14.9
2480.0		1.205			15.5
2583.0		1.287			16.1
2695.0		1.379			16.8
2818.0		1.482			17.5
2952.0		1.598			18.3
3100.0		1.728			19.2
3179.0		1.800			19.7
3263.0		1.876			20.2
3351.0		1.958			20.7
3444.0		2.046			21.3
3542.0		2.141			21.9
2647.0		2.242			22.5
3757.0		2.352			23.1
3875.0		2.471			23.9
4000.0		2.600			24.6
4133.0		2.749			25.4
4275.0		2.912			26.3
4428.0		3.091			27.2
4592.0		3.289			28.2
4769.0		3.507			29.3
4959.0		3.748			30.5
5166.0		4.007			31.7
5391.0		4.292			32.9
5636.0		4.611			34.3
5904.0		4.971			35.9
6199.0		5.423			37.5
6358.0		5.684			38.3
6526.0		5.966			39.1
6702.0		6.270			40.1
6888.0		6.598			41.0
7085.0		6.937			42.0
7293.0		7.282			43.0
7514.0		7.655			44.1
7749.0		8.060			45.2
7999.0		8.500			46.4
8266.0		9.016			47.6
8551.0		9.582			48.8
8856.0		10.21			50.2
9184.0		10.84			51.6
9537.0		11.51			53.1
9919.0		12.24			54.7
