206.64031	1.18172	2.46021
207.33141	1.18695	2.47472
208.02716	1.1923	2.4895
208.72759	1.19778	2.50457
209.43275	1.20338	2.51994
210.14269	1.20913	2.53562
210.85746	1.21501	2.55162
211.57711	1.22106	2.56796
212.30169	1.22727	2.58464
213.03125	1.23365	2.60168
213.76584	1.24022	2.6191
214.50551	1.24698	2.63691
215.25032	1.25395	2.65512
216.00032	1.26115	2.67375
216.75557	1.26859	2.69283
217.51612	1.27628	2.71236
218.28202	1.28424	2.73237
219.05333	1.29249	2.75288
219.83012	1.30106	2.7739
220.61243	1.30997	2.79547
221.40033	1.31923	2.81761
222.19388	1.32888	2.84034
222.99314	1.33896	2.86369
223.79817	1.34948	2.88768
224.60903	1.36049	2.91236
225.42579	1.37203	2.93774
226.24851	1.38415	2.96386
227.07726	1.39688	2.99077
227.91211	1.4103	3.01849
228.75311	1.42445	3.04707
229.60034	1.4394	3.07654
230.45388	1.45524	3.10696
231.31378	1.47204	3.13837
232.18012	1.4899	3.17083
233.05298	1.50893	3.20437
233.93243	1.52925	3.23908
234.81853	1.551	3.27499
235.71138	1.57435	3.31217
236.61104	1.59948	3.35069
237.5176	1.6266	3.39061
238.43113	1.65598	3.432
239.35171	1.68791	3.47491
240.27943	1.72276	3.51939
241.21437	1.76094	3.56547
242.15661	1.80297	3.61315
243.10625	1.84949	3.66238
244.06336	1.90123	3.71301
245.02804	1.9591	3.76476
246.00037	2.02417	3.81712
246.98045	2.09768	3.86924
247.96837	2.18097	3.91979
248.96423	2.27533	3.96673
249.96812	2.38174	4.00713
250.98013	2.50031	4.03705
252.00038	2.62958	4.05176
253.02895	2.76568	4.04651
254.06595	2.90208	4.018
255.11149	3.03036	3.96621
256.16567	3.14247	3.89547
257.2286	3.2334	3.8137
258.30039	3.30274	3.72994
259.38114	3.35415	3.65157
260.47098	3.39345	3.58279
261.57001	3.4266	3.52467
262.67836	3.45847	3.476
263.79614	3.49246	3.43432
264.92347	3.5305	3.39671
266.06048	3.57336	3.36021
267.2073	3.62084	3.32212
268.36404	3.67195	3.28011
269.53084	3.72511	3.23237
270.70783	3.77829	3.17773
271.89514	3.8292	3.11577
273.09292	3.87558	3.04685
274.3013	3.91542	2.97203
275.52041	3.94722	2.89295
276.75041	3.97011	2.81155
277.99145	3.98387	2.72986
279.24366	3.98887	2.64975
280.50721	3.98591	2.57277
281.78224	3.97609	2.50009
283.06892	3.96059	2.43249
284.3674	3.94063	2.37041
285.67785	3.91734	2.31398
287.00043	3.8917	2.26314
288.33532	3.86457	2.21768
289.68268	3.83664	2.1773
291.04269	3.8085	2.14161
292.41553	3.78059	2.11026
293.80139	3.75326	2.08284
295.20044	3.72677	2.059
296.61288	3.70133	2.03838
298.03891	3.67707	2.02067
299.47871	3.6541	2.00555
300.93249	3.63249	1.99276
302.40045	3.61226	1.98206
303.88281	3.59344	1.97322
305.37977	3.57605	1.96605
306.89155	3.56006	1.96038
308.41837	3.54546	1.95604
309.96046	3.53224	1.95289
311.51805	3.52036	1.95081
313.09138	3.50979	1.94969
314.68067	3.50051	1.94942
316.28619	3.49248	1.94992
317.90817	3.48567	1.95111
319.54687	3.48005	1.95291
321.20255	3.47558	1.95528
322.87548	3.47225	1.95816
324.56593	3.47001	1.96149
326.27417	3.46885	1.96525
328.00049	3.46873	1.96939
329.74517	3.46964	1.97389
331.50852	3.47157	1.97874
333.29082	3.47448	1.98391
335.09239	3.47838	1.9894
336.91355	3.48326	1.99519
338.75461	3.48911	2.0013
340.61589	3.49593	2.00773
342.49775	3.50375	2.0145
344.40052	3.51257	2.02162
346.32454	3.52245	2.02912
348.27018	3.53341	2.03703
350.23781	3.54552	2.04539
352.2278	3.55887	2.05425
354.24053	3.57358	2.06364
356.2764	3.58978	2.0736
358.3358	3.60766	2.08417
360.41914	3.62746	2.09534
362.52686	3.64946	2.1071
364.65937	3.67401	2.11936
366.81712	3.70152	2.13193
369.00055	3.73241	2.1445
371.21014	3.76712	2.15658
373.44634	3.80602	2.16748
375.70965	3.84929	2.1763
378.00057	3.89679	2.18195
380.31959	3.948	2.18337
382.66724	4.00191	2.17969
385.04406	4.0572	2.17051
387.45058	4.1125	2.15608
389.88738	4.16676	2.13726
392.35502	4.21959	2.11526
394.85409	4.27135	2.09126
397.38521	4.32305	2.066
399.94899	4.37607	2.0395
402.54606	4.43176	2.01093
405.17708	4.49112	1.97866
407.84272	4.55433	1.94039
410.54366	4.62049	1.89356
413.28062	4.68741	1.83583
416.05431	4.75176	1.76582
418.86549	4.80957	1.68359
421.71492	4.85703	1.59092
424.60338	4.89136	1.49101
427.53167	4.91126	1.38778
430.50064	4.91697	1.28509
433.51114	4.90996	1.18612
436.56403	4.89234	1.09312
439.66023	4.86646	1.00735
442.80066	4.83452	0.92933
445.98628	4.79842	0.859
449.21806	4.75971	0.79595
452.49703	4.71956	0.73961
455.82421	4.67888	0.68932
459.20069	4.63831	0.64441
462.62756	4.5983	0.60426
466.10596	4.55916	0.56829
469.63707	4.52109	0.53598
473.22208	4.48423	0.50689
476.86225	4.44863	0.48063
480.55886	4.41433	0.45684
484.31323	4.38133	0.43523
488.12672	4.34961	0.41555
492.00074	4.31915	0.39757
495.93674	4.2899	0.38111
499.93623	4.26182	0.36598
504.00076	4.23486	0.35206
508.13191	4.20899	0.33921
512.33135	4.18415	0.32732
516.60077	4.16031	0.31629
520.94196	4.13741	0.30604
525.35672	4.11541	0.29648
529.84695	4.09429	0.28757
534.41459	4.07399	0.27922
539.06168	4.05449	0.2714
543.79029	4.03575	0.26404
548.60259	4.01775	0.25711
553.50083	4.00045	0.25056
558.48732	3.98382	0.24436
563.56448	3.96785	0.23847
568.7348	3.95251	0.23287
574.00086	3.93777	0.22751
579.36535	3.92363	0.22238
584.83106	3.91005	0.21744
590.40088	3.89702	0.21267
596.07782	3.88453	0.20805
601.86498	3.87257	0.20353
607.76562	3.86111	0.19911
613.7831	3.85015	0.19474
619.92093	3.83968	0.1904
626.18276	3.82968	0.18605
632.57238	3.82014	0.18165
639.09374	3.81106	0.17716
645.75097	3.80243	0.1725
652.54835	3.79424	0.1676
659.49035	3.78649	0.16231
666.58164	3.77915	0.15638
673.8271	3.7722	0.14909
681.23179	3.7604	0.13761
688.80103	3.74791	0.13477
696.54037	3.73805	0.13179
704.4556	3.72928	0.12871
712.55279	3.72127	0.12549
720.83829	3.71387	0.12213
729.31874	3.707	0.11858
738.00111	3.70063	0.11479
746.89269	3.69471	0.11071
756.00113	3.68924	0.10627
765.33448	3.6842	0.10138
774.90116	3.67957	0.0959
784.71004	3.67536	0.08964
794.77042	3.67157	0.08231
805.09212	3.66817	0.07335
815.68543	3.66518	0.06148
826.56124	3.66255	0.04063
832			3.645	1E-3
837.73098	3.63155	0
849.20675	3.61461	0
861.00129	3.60106	0
873.12807	3.58917	0
885.60133	3.57834	0
898.43613	3.56828	0
911.64842	3.55882	0
925.25512	3.54984	0
939.27413	3.54127	0
953.72451	3.53307	0
968.62645	3.52518	0
984.00147	3.51758	0
999.87247	3.51025	0
1016.2638	3.50315	0
1033.2015	3.49628	0
1050.7134	3.48963	0
1068.8292	3.48317	0
1087.5806	3.47691	0
1107.0017	3.47082	0
1127.129	3.4649	0