310.   2.87   3.06
311.   2.890858896   3.056319018
312.   2.911717791   3.052638037
313.   2.932576687   3.048957055
314.   2.953435583   3.045276074
315.   2.974294478   3.041595092
316.   2.995153374   3.03791411
317.   3.01601227   3.034233129
318.   3.036871166   3.030552147
319.   3.057730061   3.026871166
320.   3.078588957   3.023190184
321.   3.099447853   3.019509203
322.   3.120306748   3.015828221
323.   3.141165644   3.012147239
324.   3.16202454   3.008466258
325.   3.182883436   3.004785276
326.   3.203742331   3.001104294
327.   3.223149171   2.995359116
328.   3.241933702   2.988729282
329.   3.260718232   2.982099448
330.   3.279502762   2.975469613
331.   3.298287293   2.968839779
332.   3.317071823   2.962209945
333.   3.335856354   2.95558011
334.   3.354640884   2.948950276
335.   3.373425414   2.942320442
336.   3.392209945   2.935690608
337.   3.410994475   2.929060774
338.   3.429779005   2.922430939
339.   3.448563536   2.915801105
340.   3.467348066   2.909171271
341.   3.486132597   2.902541436
342.   3.504917127   2.895911602
343.   3.523701658   2.889281768
344.   3.542486188   2.882651934
345.   3.560909091   2.874545454
346.   3.579090909   2.865454546
347.   3.597272727   2.856363636
348.   3.615454546   2.847272727
349.   3.633636364   2.838181818
350.   3.651818182   2.829090909
351.   3.67   2.82
352.   3.688181818   2.810909091
353.   3.706363636   2.801818182
354.   3.724545455   2.792727273
355.   3.741442308   2.78125
356.   3.757788462   2.76875
357.   3.774134615   2.75625
358.   3.790480769   2.74375
359.   3.806826923   2.73125
360.   3.823173077   2.71875
361.   3.839519231   2.70625
362.   3.855865385   2.69375
363.   3.872211538   2.68125
364.   3.888557692   2.66875
365.   3.903552632   2.65631579
366.   3.915394737   2.644035088
367.   3.927236842   2.631754386
368.   3.939078947   2.619473684
369.   3.950921053   2.607192982
370.   3.962763158   2.594912281
371.   3.974605263   2.582631579
372.   3.986447368   2.570350877
373.   3.998289474   2.558070175
374.   4.010131579   2.545789474
375.   4.021973684   2.533508772
376.   4.03381579   2.52122807
377.   4.045657895   2.508947368
378.   4.0575   2.496666667
379.   4.069342105   2.484385965
380.   4.08118421   2.472105263
381.   4.093026316   2.459824561
382.   4.104868421   2.44754386
383.   4.116710526   2.435263158
384.   4.128552632   2.422982456
385.   4.140394737   2.410701754
386.   4.152236842   2.398421053
387.   4.164078947   2.386140351
388.   4.174069767   2.373023256
389.   4.182209302   2.359069767
390.   4.190348837   2.345116279
391.   4.198488372   2.331162791
392.   4.206627907   2.317209302
393.   4.214767442   2.303255814
394.   4.222906977   2.289302326
395.   4.231046512   2.275348837
396.   4.239186046   2.261395349
397.   4.247325581   2.24744186
398.   4.255465116   2.233488372
399.   4.263604651   2.219534884
400.   4.271744186   2.205581395
401.   4.279883721   2.191627907
402.   4.288023256   2.177674419
403.   4.296162791   2.16372093
404.   4.304302326   2.149767442
405.   4.312441861   2.135813953
406.   4.320581395   2.121860465
407.   4.32872093   2.107906977
408.   4.336860465   2.093953488
409.   4.345   2.08
410.   4.353139535   2.066046512
411.   4.36127907   2.052093023
412.   4.369418605   2.038139535
413.   4.37755814   2.024186047
414.   4.38   2.009452055
415.   4.38   1.994383562
416.   4.38   1.979315069
417.   4.38   1.964246575
418.   4.38   1.949178082
419.   4.38   1.934109589
420.   4.38   1.919041096
421.   4.38   1.903972603
422.   4.38   1.88890411
423.   4.38   1.873835616
424.   4.38   1.858767123
425.   4.38   1.84369863
426.   4.38   1.828630137
427.   4.38   1.813561644
428.   4.380604027   1.798926175
429.   4.386644295   1.788187919
430.   4.392684564   1.777449664
431.   4.398724832   1.766711409
432.   4.404765101   1.755973154
433.   4.410805369   1.745234899
434.   4.416845638   1.734496644
435.   4.422885906   1.723758389
436.   4.428926175   1.713020134
437.   4.434966443   1.702281879
438.   4.441006711   1.691543624
439.   4.44704698   1.680805369
440.   4.453087248   1.670067114
441.   4.459127517   1.659328859
442.   4.465167785   1.648590604
443.   4.47   1.636923077
444.   4.47   1.621538462
445.   4.47   1.606153846
446.   4.47   1.590769231
447.   4.47   1.575384615
448.   4.47   1.56
449.   4.47   1.544615385
450.   4.47   1.529230769
451.   4.47   1.513846154
452.   4.47   1.498461539
453.   4.47   1.483076923
454.   4.47   1.467692308
455.   4.47   1.452307692
456.   4.47   1.436923077
457.   4.47   1.421538461
458.   4.47   1.406153846
459.   4.470648649   1.396108108
460.   4.47172973   1.389621622
461.   4.472810811   1.383135135
462.   4.473891892   1.376648649
463.   4.474972973   1.370162162
464.   4.476054054   1.363675676
465.   4.477135135   1.357189189
466.   4.478216216   1.350702703
467.   4.479297297   1.344216216
468.   4.480378378   1.33772973
469.   4.481459459   1.331243243
470.   4.482540541   1.324756757
471.   4.483621622   1.31827027
472.   4.484702703   1.311783784
473.   4.485783784   1.305297297
474.   4.486864865   1.298810811
475.   4.487945946   1.292324324
476.   4.489027027   1.285837838
477.   4.49   1.28
478.   4.49   1.28
479.   4.49   1.28
480.   4.49   1.28
481.   4.49   1.28
482.   4.49   1.28
483.   4.49   1.28
484.   4.49   1.28
485.   4.49   1.28
486.   4.49   1.28
487.   4.49   1.28
488.   4.49   1.28
489.   4.49   1.28
490.   4.49   1.28
491.   4.49   1.28
492.   4.49   1.28
493.   4.49   1.28
494.   4.484285714   1.234285714
495.   4.477142857   1.177142857
496.   4.47   1.12
497.   4.47   1.12
498.   4.47   1.12
499.   4.47   1.12
500.   4.47   1.12
501.   4.47   1.12
502.   4.47   1.12
503.   4.47   1.12
504.   4.47   1.12
505.   4.47   1.12
506.   4.47   1.12
507.   4.47   1.12
508.   4.47   1.12
509.   4.47   1.12
510.   4.47   1.12
511.   4.47   1.12
512.   4.468518518   1.09762963
513.   4.466666667   1.069666667
514.   4.464814815   1.041703704
515.   4.462962963   1.013740741
516.   4.461111111   0.9857777778
517.   4.46   0.969
518.   4.46   0.969
519.   4.46   0.969
520.   4.46   0.969
521.   4.46   0.969
522.   4.46   0.969
523.   4.46   0.969
524.   4.46   0.969
525.   4.46   0.969
526.   4.46   0.969
527.   4.46   0.969
528.   4.46   0.969
529.   4.46   0.969
530.   4.46   0.969
531.   4.46   0.969
532.   4.46   0.969
533.   4.46   0.969
534.   4.46   0.969
535.   4.46   0.969
536.   4.46   0.969
537.   4.46   0.969
538.   4.46   0.969
539.   4.46   0.969
540.   4.46   0.969
541.   4.46   0.969
542.   4.46   0.969
543.   4.46   0.969
544.   4.46   0.969
545.   4.46   0.969
546.   4.46   0.969
547.   4.46   0.969
548.   4.46   0.969
549.   4.46   0.969
550.   4.46   0.969
551.   4.46   0.969
552.   4.46   0.969
553.   4.46   0.969
554.   4.46   0.969
555.   4.46   0.969
556.   4.46   0.969
557.   4.46   0.969
558.   4.46   0.969
559.   4.46   0.969
560.   4.46   0.969
561.   4.46   0.969
562.   4.46   0.969
563.   4.406153846   0.8187692308
564.   4.36   0.69
565.   4.36   0.69
566.   4.36   0.69
567.   4.36   0.69
568.   4.36   0.69
569.   4.36   0.69
570.   4.36   0.69
571.   4.36   0.69
572.   4.36   0.69
573.   4.36   0.69
574.   4.36   0.69
575.   4.36   0.69
576.   4.36   0.69
577.   4.36   0.69
578.   4.36   0.69
579.   4.36   0.69
580.   4.36   0.69
581.   4.36   0.69
582.   4.36   0.69
583.   4.36   0.69
584.   4.36   0.69
585.   4.36   0.69
586.   4.36   0.69
587.   4.36   0.69
588.   4.36   0.69
589.   4.36   0.69
590.   4.36   0.69
591.   4.36   0.69
592.   4.36   0.69
593.   4.36   0.69
594.   4.36   0.69
595.   4.36   0.69
596.   4.36   0.69
597.   4.36   0.69
598.   4.36   0.69
599.   4.36   0.69
600.   4.36   0.69
601.   4.36   0.69
602.   4.36   0.69
603.   4.36   0.69
604.   4.36   0.69
605.   4.36   0.69
606.   4.36   0.69
607.   4.36   0.69
608.   4.36   0.69
609.   4.36   0.69
610.   4.36   0.69
611.   4.36   0.69
612.   4.36   0.69
613.   4.36   0.69
614.   4.36   0.69
615.   4.36   0.69
616.   4.36   0.69
617.   4.36   0.69
618.   4.318214286   0.6163928571
619.   4.271785714   0.5346071429
620.   4.23   0.461
621.   4.23   0.461
622.   4.23   0.461
623.   4.23   0.461
624.   4.23   0.461
625.   4.23   0.461
626.   4.23   0.461
627.   4.23   0.461
628.   4.23   0.461
629.   4.23   0.461
630.   4.23   0.461
631.   4.23   0.461
632.   4.23   0.461
633.   4.23   0.461
634.   4.23   0.461
635.   4.23   0.461
636.   4.23   0.461
637.   4.23   0.461
638.   4.23   0.461
639.   4.23   0.461
640.   4.23   0.461
641.   4.23   0.461
642.   4.23   0.461
643.   4.23   0.461
644.   4.23   0.461
645.   4.23   0.461
646.   4.23   0.461
647.   4.23   0.461
648.   4.23   0.461
649.   4.23   0.461
650.   4.23   0.461
651.   4.21173913   0.431173913
652.   4.185652174   0.3885652174
653.   4.17   0.363
654.   4.17   0.363
655.   4.17   0.363
656.   4.17   0.363
657.   4.17   0.363
658.   4.17   0.363
659.   4.17   0.363
660.   4.17   0.363
661.   4.17   0.363
662.   4.17   0.363
663.   4.17   0.363
664.   4.17   0.363
665.   4.17   0.363
666.   4.17   0.363
667.   4.17   0.363
668.   4.17   0.384
669.   4.17   0.384
670.   4.17   0.384
671.   4.17   0.384
672.   4.17   0.384
673.   4.17   0.384
674.   4.17   0.384
675.   4.17   0.384
676.   4.17   0.384
677.   4.17   0.384
678.   4.17   0.384
679.   4.17   0.384
680.   4.17   0.384
681.   4.17   0.384
682.   4.17   0.384
683.   4.17   0.384
684.   4.17   0.384
685.   4.17   0.384
686.   4.17   0.384
687.   4.17   0.384
688.   4.13   0.3275
689.   4.09   0.271
690.   4.09   0.271
691.   4.09   0.271
692.   4.09   0.271
693.   4.09   0.271
694.   4.09   0.271
695.   4.09   0.271
696.   4.09   0.271
697.   4.09   0.271
698.   4.09   0.271
699.   4.09   0.271
700.   4.09   0.271
701.   4.09   0.2866
702.   4.09   0.3090888031
703.   4.09   0.3068108108
704.   4.09   0.3045328185
705.   4.09   0.3022548263
706.   4.09   0.299976834
707.   4.09   0.2976988417
708.   4.09   0.2954208494
709.   4.09   0.2931428571
710.   4.09   0.2908648649
711.   4.09   0.2885868726
712.   4.09   0.2863088803
713.   4.09   0.284030888
714.   4.09   0.2817528958
715.   4.09   0.2794749035
716.   4.09   0.2771969112
717.   4.09   0.2749189189
718.   4.09   0.2726409266
719.   4.09   0.2703629344
720.   4.09   0.2680849421
721.   4.09   0.2658069498
722.   4.09   0.2635289575
723.   4.09   0.2612509653
724.   4.09   0.258972973
725.   4.09   0.2566949807
726.   4.09   0.2544169884
727.   4.09   0.2521389961
728.   4.067777778   0.2365555556
729.   4.023333333   0.2076666667
730.   4.01   0.199
731.   4.01   0.199
732.   4.01   0.199
733.   4.01   0.199690583
734.   4.01   0.20067713
735.   4.01   0.2016636771
736.   4.01   0.2026502242
737.   4.01   0.2036367713
738.   4.01   0.2046233184
739.   4.01   0.2056098655
740.   4.01   0.2065964126
741.   4.01   0.2075829596
742.   4.01   0.2085695067
743.   4.01   0.2095560538
744.   4.01   0.2105426009
745.   4.01   0.211529148
746.   4.01   0.2125156951
747.   4.01   0.2135022422
748.   4.01   0.2144887892
749.   4.01   0.2154753363
750.   4.01   0.2164618834
751.   4.01   0.2174484305
752.   4.01   0.2184349776
753.   4.01   0.2194215247
754.   4.01   0.2204080717
755.   4.01   0.221
756.   4.01   0.221
757.   4.01   0.221
758.   4.01   0.221
759.   4.01   0.221
760.   4.01   0.221
761.   4.01   0.221
762.   4.01   0.221
763.   4.01   0.221
764.   4.01   0.221
765.   4.01   0.221
766.   4.01   0.221
767.   4.01   0.221
768.   4.01   0.221
769.   4.01   0.221
770.   4.001272727   0.221
771.   3.986727273   0.221
772.   3.972181818   0.221
773.   3.957636364   0.221
774.   3.943090909   0.221
775.   3.93   0.2204891304
776.   3.93   0.2153804348
777.   3.93   0.2102717391
778.   3.93   0.2051630435
779.   3.93   0.2000543478
780.   3.93   0.1949456522
781.   3.93   0.1898369565
782.   3.93   0.1847282609
783.   3.93   0.1796195652
784.   3.93   0.1745108696
785.   3.93   0.174
786.   3.93   0.174
787.   3.93   0.174
788.   3.93   0.174
789.   3.93   0.174
790.   3.93   0.174
791.   3.93   0.174
792.   3.93   0.174
793.   3.93   0.174
794.   3.93   0.174
795.   3.93   0.174
796.   3.93   0.174
797.   3.93   0.174
798.   3.93   0.174
799.   3.93   0.174
800.   3.93   0.174
801.   3.93   0.174
802.   3.93   0.174
803.   3.93   0.174
804.   3.93   0.174
805.   3.93   0.174
806.   3.93   0.174
807.   3.93   0.174
808.   3.93   0.174
809.   3.93   0.174
810.   3.93   0.174
811.   3.93   0.174
812.   3.93   0.174
813.   3.93   0.174
814.   3.93   0.174
815.   3.93   0.174
816.   3.93   0.174
817.   3.93   0.174
818.   3.93   0.174
819.   3.93   0.174
820.   3.924166667   0.13235
821.   3.914444444   0.1246
822.   3.904722222   0.11685
823.   3.895   0.1091
824.   3.885277778   0.10135
825.   3.875555556   0.0936
826.   3.865833333   0.08585
827.   3.86   0.0812
828.   3.86   0.0812
829.   3.86   0.0812
830.   3.86   0.0812
831.   3.86   0.0812
832.   3.86   0.0812
833.   3.86   0.0812
834.   3.86   0.0812
835.   3.86   0.0812
836.   3.86   0.0812
837.   3.86   0.0812
838.   3.86   0.0812
839.   3.86   0.0812
840.   3.86   0.0812
841.   3.86   0.0812
842.   3.86   0.0812
843.   3.86   0.0812
844.   3.86   0.0812
845.   3.86   0.0812
846.   3.86   0.0812
847.   3.86   0.0812
848.   3.86   0.0812
849.   3.86   0.0812
850.   3.86   0.0812
851.   3.86   0.0812
852.   3.86   0.0812
853.   3.86   0.0812
854.   3.86   0.0812
855.   3.86   0.0812
856.   3.86   0.0812
857.   3.86   0.0812
858.   3.86   0.0812
859.   3.86   0.0812
860.   3.86   0.0812
861.   3.86   0.0812
862.   3.86   0.0924
863.   3.86   0.1084
864.   3.86   0.11
865.   3.86   0.11
866.   3.86   0.11
867.   3.86   0.11
868.   3.86   0.11
869.   3.86   0.11
870.   3.86   0.11
871.   3.86   0.11
872.   3.86   0.11
873.   3.86   0.11
874.   3.86   0.11
875.   3.86   0.11
876.   3.86   0.11
877.   3.86   0.11
878.   3.86   0.11
879.   3.86   0.11
880.   3.858421053   0.1087736842
881.   3.842631579   0.0965105263
882.   3.826842105   0.0842473684
883.   3.811052632   0.0719842105
884.   3.795263158   0.0597210526
885.   3.779473684   0.0474578947
886.   3.77   0.0401
887.   3.77   0.0401
888.   3.77   0.0408889908
889.   3.77   0.0428614679
890.   3.77   0.044833945
891.   3.77   0.046806422
892.   3.77   0.0487788991
893.   3.77   0.0507513761
894.   3.77   0.0527238532
895.   3.77   0.0546963303
896.   3.77   0.0566688073
897.   3.77   0.0586412844
898.   3.77   0.0606137615
899.   3.77   0.0625862385
900.   3.77   0.0645587156
901.   3.77   0.0665311927
902.   3.77   0.0685036697
903.   3.77   0.0704761468
904.   3.77   0.0724486239
905.   3.77   0.0744211009
906.   3.77   0.076393578
907.   3.77   0.078366055
908.   3.77   0.0803385321
909.   3.77   0.0823110092
910.   3.77   0.0831
911.   3.77   0.0831
912.   3.77   0.0831
913.   3.77   0.0831
914.   3.77   0.0831
915.   3.77   0.0831
916.   3.77   0.0831
917.   3.77   0.0831
918.   3.77   0.0831
919.   3.77   0.0831
920.   3.77   0.0831
921.   3.77   0.0831
922.   3.77   0.0831
923.   3.77   0.0831
924.   3.77   0.0831
925.   3.77   0.0831
926.   3.77   0.0831
927.   3.77   0.0831
928.   3.77   0.0831
929.   3.77   0.0831
930.   3.77   0.0831
931.   3.77   0.0831
932.   3.77   0.0831
933.   3.77   0.0831
934.   3.77   0.0831
935.   3.77   0.0831
936.   3.77   0.0831
937.   3.77   0.0831
938.   3.77   0.0831
939.   3.77   0.0831
940.   3.77   0.0831
941.   3.77   0.0831
942.   3.77   0.0831
943.   3.77   0.0831
944.   3.77   0.0831
945.   3.77   0.0831
946.   3.77   0.0831
947.   3.77   0.0831
948.   3.77   0.0831
949.   3.77   0.0831
950.   3.77   0.0831
951.   3.756363636   0.0831
952.   3.729090909   0.0831
953.   3.701818182   0.0831
954.   3.68   0.0826685714
955.   3.68   0.0805114286
956.   3.68   0.0783542857
957.   3.68   0.0761971429
958.   3.68   0.07404
959.   3.68   0.0718828571
960.   3.68   0.0697257143
961.   3.68   0.068
962.   3.68   0.068
963.   3.68   0.068
964.   3.68   0.068
965.   3.68   0.068
966.   3.68   0.068
967.   3.68   0.068
968.   3.68   0.068
969.   3.68   0.068
970.   3.68   0.068
971.   3.68   0.068
972.   3.68   0.068
973.   3.68   0.068
974.   3.68   0.068
975.   3.68   0.068
976.   3.68   0.068
977.   3.68   0.068
978.   3.68   0.068
979.   3.68   0.068
980.   3.68   0.068
981.   3.68   0.068
982.   3.68   0.068
983.   3.68   0.068
984.   3.68   0.068
985.   3.68   0.068
986.   3.68   0.068
987.   3.68   0.068
988.   3.68   0.068
989.   3.68   0.068
990.   3.68   0.068
991.   3.68   0.068
992.   3.68   0.068
993.   3.68   0.068
994.   3.68   0.068
995.   3.68   0.068
996.   3.68   0.068
997.   3.68   0.068
998.   3.68   0.0676388889
999.   3.68   0.0658333333
1000.   3.68   0.0640277778
1001.   3.68   0.0622222222
1002.   3.68   0.0604166667
1003.   3.68   0.0586111111
1004.   3.68   0.0568055556
1005.   3.68   0.055
1006.   3.68   0.055
1007.   3.68   0.055
1008.   3.68   0.055
1009.   3.68   0.055
1010.   3.68   0.055
1011.   3.68   0.055
1012.   3.68   0.055
1013.   3.68   0.055
1014.   3.68   0.055
1015.   3.68   0.055
1016.   3.68   0.055
1017.   3.68   0.055
1018.   3.68   0.055
1019.   3.68   0.055
1020.   3.68   0.055
1021.   3.68   0.055
1022.   3.68   0.055
1023.   3.68   0.055
1024.   3.68   0.055
1025.   3.672222222   0.055
1026.   3.664444444   0.055
1027.   3.656666667   0.055
1028.   3.648888889   0.055
1029.   3.641111111   0.055
1030.   3.633333333   0.055
1031.   3.625555556   0.055
1032.   3.617777778   0.055
1033.   3.61   0.055
1034.   3.61   0.055
1035.   3.61   0.055
1036.   3.61   0.055
1037.   3.61   0.055
1038.   3.61   0.055
1039.   3.61   0.055
1040.   3.61   0.055
1041.   3.61   0.055
1042.   3.61   0.055
1043.   3.61   0.055
1044.   3.61   0.055
1045.   3.61   0.055
1046.   3.61   0.055
1047.   3.61   0.055
1048.   3.61   0.055
1049.   3.61   0.055
1050.   3.61   0.055
1051.   3.61   0.055
1052.   3.61   0.055
1053.   3.61   0.055
1054.   3.61   0.055
1055.   3.61   0.055
1056.   3.61   0.055
1057.   3.61   0.055
1058.   3.61   0.055
1059.   3.61   0.055
1060.   3.61   0.055
1061.   3.61   0.055
1062.   3.61   0.055
1063.   3.61   0.055
1064.   3.61   0.055
1065.   3.61   0.055
1066.   3.61   0.055
1067.   3.61   0.055
1068.   3.61   0.055
1069.   3.61   0.055
1070.   3.61   0.055
1071.   3.61   0.055
1072.   3.61   0.055
1073.   3.61   0.055
1074.   3.61   0.055
1075.   3.61   0.055
1076.   3.61   0.055
1077.   3.61   0.055
1078.   3.61   0.055
1079.   3.61   0.055
1080.   3.61   0.055
1081.   3.61   0.055
1082.   3.61   0.055
1083.   3.61   0.055
1084.   3.61   0.055
1085.   3.61   0.055
1086.   3.61   0.055
1087.   3.61   0.055
1088.   3.61   0.055
1089.   3.61   0.055
1090.   3.61   0.055
1091.   3.61   0.053375
1092.   3.61   0.05175
1093.   3.61   0.050125
1094.   3.61   0.0485
1095.   3.61   0.046875
1096.   3.61   0.04525
1097.   3.61   0.043625
1098.   3.61   0.042
1099.   3.61   0.042
1100.   3.61   0.042
1101.   3.61   0.042
1102.   3.61   0.042
1103.   3.61   0.042
1104.   3.61   0.042
1105.   3.61   0.042
1106.   3.61   0.042
1107.   3.61   0.042
1108.   3.61   0.042
1109.   3.61   0.042
1110.   3.61   0.042
1111.   3.61   0.042
1112.   3.61   0.042
1113.   3.61   0.042
1114.   3.607142857   0.042
1115.   3.604285714   0.042
1116.   3.601428571   0.042
1117.   3.598571429   0.042
1118.   3.595714286   0.042
1119.   3.592857143   0.042
1120.   3.59   0.042
1121.   3.587142857   0.042
1122.   3.584285714   0.042
1123.   3.581428571   0.042
1124.   3.578571429   0.042
1125.   3.575714286   0.042
1126.   3.572857143   0.042
1127.   3.57   0.042
