 310.0000000000    0.0032258065    0.0278000000
 311.0000000000    0.0032154341    0.0454000000
 312.0000000000    0.0032051282    0.0509000000
 313.0000000000    0.0031948882    0.0583000000
 314.0000000000    0.0031847134    0.0653000000
 315.0000000000    0.0031746032    0.0737000000
 316.0000000000    0.0031645570    0.0671000000
 317.0000000000    0.0031545741    0.0930000000
 318.0000000000    0.0031446541    0.0958000000
 319.0000000000    0.0031347962    0.1100000000
 320.0000000000    0.0031250000    0.1130000000
 321.0000000000    0.0031152648    0.1340000000
 322.0000000000    0.0031055901    0.1220000000
 323.0000000000    0.0030959752    0.1160000000
 324.0000000000    0.0030864198    0.1490000000
 325.0000000000    0.0030769231    0.1550000000
 326.0000000000    0.0030674847    0.2090000000
 327.0000000000    0.0030581040    0.2180000000
 328.0000000000    0.0030487805    0.1980000000
 329.0000000000    0.0030395137    0.2330000000
 330.0000000000    0.0030303030    0.2620000000
 331.0000000000    0.0030211480    0.2280000000
 332.0000000000    0.0030120482    0.2450000000
 333.0000000000    0.0030030030    0.2430000000
 334.0000000000    0.0029940120    0.2380000000
 335.0000000000    0.0029850746    0.2650000000
 336.0000000000    0.0029761905    0.2380000000
 337.0000000000    0.0029673591    0.2180000000
 338.0000000000    0.0029585799    0.2530000000
 339.0000000000    0.0029498525    0.2710000000
 340.0000000000    0.0029411765    0.2970000000
 341.0000000000    0.0029325513    0.2790000000
 342.0000000000    0.0029239766    0.2910000000
 343.0000000000    0.0029154519    0.3090000000
 344.0000000000    0.0029069767    0.2540000000
 345.0000000000    0.0028985507    0.2790000000
 346.0000000000    0.0028901734    0.2910000000
 347.0000000000    0.0028818444    0.3030000000
 348.0000000000    0.0028735632    0.2930000000
 349.0000000000    0.0028653295    0.2890000000
 350.0000000000    0.0028571429    0.3290000000
 351.0000000000    0.0028490028    0.3460000000
 352.0000000000    0.0028409091    0.3270000000
 353.0000000000    0.0028328612    0.3300000000
 354.0000000000    0.0028248588    0.3850000000
 355.0000000000    0.0028169014    0.3910000000
 356.0000000000    0.0028089888    0.3560000000
 357.0000000000    0.0028011204    0.2950000000
 358.0000000000    0.0027932961    0.2790000000
 359.0000000000    0.0027855153    0.3070000000
 360.0000000000    0.0027777778    0.3920000000
 361.0000000000    0.0027700831    0.3430000000
 362.0000000000    0.0027624309    0.3540000000
 363.0000000000    0.0027548209    0.4000000000
 364.0000000000    0.0027472527    0.4050000000
 365.0000000000    0.0027397260    0.4180000000
 366.0000000000    0.0027322404    0.4950000000
 367.0000000000    0.0027247956    0.4890000000
 368.0000000000    0.0027173913    0.4530000000
 369.0000000000    0.0027100271    0.4720000000
 370.0000000000    0.0027027027    0.5170000000
 371.0000000000    0.0026954178    0.4760000000
 372.0000000000    0.0026881720    0.4650000000
 373.0000000000    0.0026809651    0.4280000000
 374.0000000000    0.0026737968    0.3870000000
 375.0000000000    0.0026666667    0.4110000000
 376.0000000000    0.0026595745    0.4720000000
 377.0000000000    0.0026525199    0.5000000000
 378.0000000000    0.0026455026    0.6030000000
 379.0000000000    0.0026385224    0.5260000000
 380.0000000000    0.0026315789    0.4980000000
 381.0000000000    0.0026246719    0.5440000000
 382.0000000000    0.0026178010    0.4200000000
 383.0000000000    0.0026109661    0.3260000000
 384.0000000000    0.0026041667    0.3670000000
 385.0000000000    0.0025974026    0.4860000000
 386.0000000000    0.0025906736    0.4500000000
 387.0000000000    0.0025839793    0.4730000000
 388.0000000000    0.0025773196    0.4640000000
 389.0000000000    0.0025706941    0.5010000000
 390.0000000000    0.0025641026    0.5850000000
 391.0000000000    0.0025575448    0.6260000000
 392.0000000000    0.0025510204    0.5870000000
 393.0000000000    0.0025445293    0.3550000000
 394.0000000000    0.0025380711    0.3680000000
 395.0000000000    0.0025316456    0.6010000000
 396.0000000000    0.0025252525    0.5640000000
 397.0000000000    0.0025188917    0.3190000000
 398.0000000000    0.0025125628    0.6390000000
 399.0000000000    0.0025062657    0.8040000000
 400.0000000000    0.0025000000    0.8400000000
 401.0000000000    0.0024937656    0.8770000000
 402.0000000000    0.0024875622    0.9140000000
 403.0000000000    0.0024813896    0.8820000000
 404.0000000000    0.0024752475    0.8980000000
 405.0000000000    0.0024691358    0.8780000000
 406.0000000000    0.0024630542    0.8590000000
 407.0000000000    0.0024570025    0.8450000000
 408.0000000000    0.0024509804    0.8850000000
 409.0000000000    0.0024449878    0.9470000000
 410.0000000000    0.0024390244    0.8090000000
 411.0000000000    0.0024330900    0.9080000000
 412.0000000000    0.0024271845    0.9670000000
 413.0000000000    0.0024213075    0.9300000000
 414.0000000000    0.0024154589    0.9210000000
 415.0000000000    0.0024096386    0.9560000000
 416.0000000000    0.0024038462    0.9860000000
 417.0000000000    0.0023980815    0.9640000000
 418.0000000000    0.0023923445    0.9240000000
 419.0000000000    0.0023866348    0.9640000000
 420.0000000000    0.0023809524    0.8850000000
 421.0000000000    0.0023752969    1.0100000000
 422.0000000000    0.0023696682    0.9950000000
 423.0000000000    0.0023640662    0.9650000000
 424.0000000000    0.0023584906    0.9620000000
 425.0000000000    0.0023529412    0.9930000000
 426.0000000000    0.0023474178    0.9670000000
 427.0000000000    0.0023419204    0.9360000000
 428.0000000000    0.0023364486    0.9460000000
 429.0000000000    0.0023310023    0.8780000000
 430.0000000000    0.0023255814    0.7010000000
 431.0000000000    0.0023201856    0.6380000000
 432.0000000000    0.0023148148    1.0600000000
 433.0000000000    0.0023094688    0.9910000000
 434.0000000000    0.0023041475    0.9170000000
 435.0000000000    0.0022988506    1.0100000000
 436.0000000000    0.0022935780    1.1100000000
 437.0000000000    0.0022883295    1.1300000000
 438.0000000000    0.0022831050    0.9940000000
 439.0000000000    0.0022779043    0.9580000000
 440.0000000000    0.0022727273    1.1000000000
 441.0000000000    0.0022675737    1.0900000000
 442.0000000000    0.0022624434    1.1600000000
 443.0000000000    0.0022573363    1.1800000000
 444.0000000000    0.0022522523    1.1500000000
 445.0000000000    0.0022471910    1.2000000000
 446.0000000000    0.0022421525    1.0800000000
 447.0000000000    0.0022371365    1.2300000000
 448.0000000000    0.0022321429    1.2400000000
 449.0000000000    0.0022271715    1.2400000000
 450.0000000000    0.0022222222    1.2900000000
 451.0000000000    0.0022172949    1.3400000000
 452.0000000000    0.0022123894    1.2800000000
 453.0000000000    0.0022075055    1.1900000000
 454.0000000000    0.0022026432    1.2700000000
 455.0000000000    0.0021978022    1.2700000000
 456.0000000000    0.0021929825    1.3100000000
 457.0000000000    0.0021881838    1.3200000000
 458.0000000000    0.0021834061    1.2900000000
 459.0000000000    0.0021786492    1.2900000000
 460.0000000000    0.0021739130    1.2800000000
 461.0000000000    0.0021691974    1.3300000000
 462.0000000000    0.0021645022    1.3400000000
 463.0000000000    0.0021598272    1.3500000000
 464.0000000000    0.0021551724    1.3100000000
 465.0000000000    0.0021505376    1.2900000000
 466.0000000000    0.0021459227    1.3200000000
 467.0000000000    0.0021413276    1.2600000000
 468.0000000000    0.0021367521    1.3200000000
 469.0000000000    0.0021321962    1.3200000000
 470.0000000000    0.0021276596    1.2700000000
 471.0000000000    0.0021231423    1.3000000000
 472.0000000000    0.0021186441    1.3700000000
 473.0000000000    0.0021141649    1.3100000000
 474.0000000000    0.0021097046    1.3300000000
 475.0000000000    0.0021052632    1.3800000000
 476.0000000000    0.0021008403    1.3300000000
 477.0000000000    0.0020964361    1.3400000000
 478.0000000000    0.0020920502    1.3800000000
 479.0000000000    0.0020876827    1.3600000000
 480.0000000000    0.0020833333    1.3800000000
 481.0000000000    0.0020790021    1.3800000000
 482.0000000000    0.0020746888    1.3900000000
 483.0000000000    0.0020703934    1.3700000000
 484.0000000000    0.0020661157    1.3500000000
 485.0000000000    0.0020618557    1.3500000000
 486.0000000000    0.0020576132    1.0900000000
 487.0000000000    0.0020533881    1.2200000000
 488.0000000000    0.0020491803    1.3300000000
 489.0000000000    0.0020449898    1.2500000000
 490.0000000000    0.0020408163    1.4000000000
 491.0000000000    0.0020366599    1.3400000000
 492.0000000000    0.0020325203    1.2800000000
 493.0000000000    0.0020283976    1.3700000000
 494.0000000000    0.0020242915    1.3400000000
 495.0000000000    0.0020202020    1.4200000000
 496.0000000000    0.0020161290    1.3500000000
 497.0000000000    0.0020120724    1.3800000000
 498.0000000000    0.0020080321    1.3400000000
 499.0000000000    0.0020040080    1.3400000000
 500.0000000000    0.0020000000    1.3400000000
 501.0000000000    0.0019960080    1.3000000000
 502.0000000000    0.0019920319    1.3000000000
 503.0000000000    0.0019880716    1.3600000000
 504.0000000000    0.0019841270    1.2700000000
 505.0000000000    0.0019801980    1.3600000000
 506.0000000000    0.0019762846    1.4200000000
 507.0000000000    0.0019723866    1.3500000000
 508.0000000000    0.0019685039    1.3200000000
 509.0000000000    0.0019646365    1.3900000000
 510.0000000000    0.0019607843    1.3500000000
 511.0000000000    0.0019569472    1.3800000000
 512.0000000000    0.0019531250    1.4100000000
 513.0000000000    0.0019493177    1.3300000000
 514.0000000000    0.0019455253    1.3000000000
 515.0000000000    0.0019417476    1.3400000000
 516.0000000000    0.0019379845    1.3500000000
 517.0000000000    0.0019342360    1.1000000000
 518.0000000000    0.0019305019    1.2600000000
 519.0000000000    0.0019267823    1.2200000000
 520.0000000000    0.0019230769    1.3300000000
 521.0000000000    0.0019193858    1.3500000000
 522.0000000000    0.0019157088    1.3800000000
 523.0000000000    0.0019120459    1.3000000000
 524.0000000000    0.0019083969    1.4000000000
 525.0000000000    0.0019047619    1.3900000000
 526.0000000000    0.0019011407    1.3500000000
 527.0000000000    0.0018975332    1.1800000000
 528.0000000000    0.0018939394    1.3500000000
 529.0000000000    0.0018903592    1.4100000000
 530.0000000000    0.0018867925    1.3600000000
 531.0000000000    0.0018832392    1.4300000000
 532.0000000000    0.0018796992    1.4100000000
 533.0000000000    0.0018761726    1.2600000000
 534.0000000000    0.0018726592    1.3500000000
 535.0000000000    0.0018691589    1.3700000000
 536.0000000000    0.0018656716    1.4300000000
 537.0000000000    0.0018621974    1.3200000000
 538.0000000000    0.0018587361    1.3900000000
 539.0000000000    0.0018552876    1.3600000000
 540.0000000000    0.0018518519    1.3100000000
 541.0000000000    0.0018484288    1.2600000000
 542.0000000000    0.0018450185    1.3700000000
 543.0000000000    0.0018416206    1.3500000000
 544.0000000000    0.0018382353    1.4000000000
 545.0000000000    0.0018348624    1.3700000000
 546.0000000000    0.0018315018    1.3500000000
 547.0000000000    0.0018281536    1.3700000000
 548.0000000000    0.0018248175    1.3300000000
 549.0000000000    0.0018214936    1.3800000000
 550.0000000000    0.0018181818    1.3600000000
 551.0000000000    0.0018148820    1.3600000000
 552.0000000000    0.0018115942    1.3900000000
 553.0000000000    0.0018083183    1.3500000000
 554.0000000000    0.0018050542    1.3800000000
 555.0000000000    0.0018018018    1.3900000000
 556.0000000000    0.0017985612    1.3700000000
 557.0000000000    0.0017953321    1.3300000000
 558.0000000000    0.0017921147    1.3600000000
 559.0000000000    0.0017889088    1.2900000000
 560.0000000000    0.0017857143    1.3100000000
 561.0000000000    0.0017825312    1.3900000000
 562.0000000000    0.0017793594    1.3200000000
 563.0000000000    0.0017761989    1.3700000000
 564.0000000000    0.0017730496    1.3500000000
 565.0000000000    0.0017699115    1.3600000000
 566.0000000000    0.0017667845    1.2800000000
 567.0000000000    0.0017636684    1.3700000000
 568.0000000000    0.0017605634    1.3600000000
 569.0000000000    0.0017574692    1.3200000000
 570.0000000000    0.0017543860    1.3200000000
 571.0000000000    0.0017513135    1.2800000000
 572.0000000000    0.0017482517    1.3500000000
 573.0000000000    0.0017452007    1.3600000000
 574.0000000000    0.0017421603    1.3500000000
 575.0000000000    0.0017391304    1.3200000000
 576.0000000000    0.0017361111    1.3100000000
 577.0000000000    0.0017331023    1.3500000000
 578.0000000000    0.0017301038    1.3000000000
 579.0000000000    0.0017271157    1.3200000000
 580.0000000000    0.0017241379    1.3500000000
 581.0000000000    0.0017211704    1.3500000000
 582.0000000000    0.0017182131    1.3700000000
 583.0000000000    0.0017152659    1.3900000000
 584.0000000000    0.0017123288    1.3800000000
 585.0000000000    0.0017094017    1.3700000000
 586.0000000000    0.0017064846    1.3400000000
 587.0000000000    0.0017035775    1.3700000000
 588.0000000000    0.0017006803    1.3400000000
 589.0000000000    0.0016977929    1.1600000000
 590.0000000000    0.0016949153    1.2300000000
 591.0000000000    0.0016920474    1.3200000000
 592.0000000000    0.0016891892    1.2900000000
 593.0000000000    0.0016863406    1.3100000000
 594.0000000000    0.0016835017    1.3000000000
 595.0000000000    0.0016806723    1.2900000000
 596.0000000000    0.0016778523    1.3300000000
 597.0000000000    0.0016750419    1.3300000000
 598.0000000000    0.0016722408    1.3100000000
 599.0000000000    0.0016694491    1.3100000000
 600.0000000000    0.0016666667    1.3300000000
 601.0000000000    0.0016638935    1.3100000000
 602.0000000000    0.0016611296    1.2900000000
 603.0000000000    0.0016583748    1.3200000000
 604.0000000000    0.0016556291    1.3400000000
 605.0000000000    0.0016528926    1.3400000000
 606.0000000000    0.0016501650    1.3400000000
 607.0000000000    0.0016474465    1.3400000000
 608.0000000000    0.0016447368    1.3400000000
 609.0000000000    0.0016420361    1.3300000000
 610.0000000000    0.0016393443    1.3200000000
 611.0000000000    0.0016366612    1.3200000000
 612.0000000000    0.0016339869    1.3400000000
 613.0000000000    0.0016313214    1.3200000000
 614.0000000000    0.0016286645    1.2800000000
 615.0000000000    0.0016260163    1.3300000000
 616.0000000000    0.0016233766    1.2900000000
 617.0000000000    0.0016207455    1.2700000000
 618.0000000000    0.0016181230    1.3200000000
 619.0000000000    0.0016155089    1.3300000000
 620.0000000000    0.0016129032    1.3300000000
 621.0000000000    0.0016103060    1.3400000000
 622.0000000000    0.0016077170    1.2900000000
 623.0000000000    0.0016051364    1.2800000000
 624.0000000000    0.0016025641    1.2800000000
 625.0000000000    0.0016000000    1.2700000000
 626.0000000000    0.0015974441    1.2700000000
 627.0000000000    0.0015948963    1.3000000000
 628.0000000000    0.0015923567    1.2300000000
 629.0000000000    0.0015898251    1.2800000000
 630.0000000000    0.0015873016    1.2600000000
 631.0000000000    0.0015847861    1.2800000000
 632.0000000000    0.0015822785    1.2300000000
 633.0000000000    0.0015797788    1.3100000000
 634.0000000000    0.0015772871    1.2900000000
 635.0000000000    0.0015748031    1.3100000000
 636.0000000000    0.0015723270    1.2800000000
 637.0000000000    0.0015698587    1.3200000000
 638.0000000000    0.0015673981    1.3300000000
 639.0000000000    0.0015649452    1.3200000000
 640.0000000000    0.0015625000    1.3000000000
 641.0000000000    0.0015600624    1.3000000000
 642.0000000000    0.0015576324    1.3000000000
 643.0000000000    0.0015552100    1.3100000000
 644.0000000000    0.0015527950    1.3100000000
 645.0000000000    0.0015503876    1.3200000000
 646.0000000000    0.0015479876    1.2800000000
 647.0000000000    0.0015455951    1.2700000000
 648.0000000000    0.0015432099    1.2600000000
 649.0000000000    0.0015408320    1.2200000000
 650.0000000000    0.0015384615    1.2300000000
 651.0000000000    0.0015360983    1.3100000000
 652.0000000000    0.0015337423    1.2600000000
 653.0000000000    0.0015313936    1.3000000000
 654.0000000000    0.0015290520    1.2800000000
 655.0000000000    0.0015267176    1.2200000000
 656.0000000000    0.0015243902    1.0700000000
 657.0000000000    0.0015220700    1.1200000000
 658.0000000000    0.0015197568    1.2500000000
 659.0000000000    0.0015174507    1.2600000000
 660.0000000000    0.0015151515    1.2700000000
 661.0000000000    0.0015128593    1.2600000000
 662.0000000000    0.0015105740    1.2500000000
 663.0000000000    0.0015082956    1.2500000000
 664.0000000000    0.0015060241    1.2600000000
 665.0000000000    0.0015037594    1.2900000000
 666.0000000000    0.0015015015    1.2900000000
 667.0000000000    0.0014992504    1.2800000000
 668.0000000000    0.0014970060    1.2800000000
 669.0000000000    0.0014947683    1.3000000000
 670.0000000000    0.0014925373    1.2900000000
 671.0000000000    0.0014903130    1.2800000000
 672.0000000000    0.0014880952    1.2700000000
 673.0000000000    0.0014858841    1.2800000000
 674.0000000000    0.0014836795    1.2700000000
 675.0000000000    0.0014814815    1.2600000000
 676.0000000000    0.0014792899    1.2800000000
 677.0000000000    0.0014771049    1.2700000000
 678.0000000000    0.0014749263    1.2700000000
 679.0000000000    0.0014727541    1.2600000000
 680.0000000000    0.0014705882    1.2700000000
 681.0000000000    0.0014684288    1.2600000000
 682.0000000000    0.0014662757    1.2700000000
 683.0000000000    0.0014641288    1.2500000000
 684.0000000000    0.0014619883    1.2400000000
 685.0000000000    0.0014598540    1.2500000000
 686.0000000000    0.0014577259    1.2200000000
 687.0000000000    0.0014556041    0.8830000000
 688.0000000000    0.0014534884    1.0200000000
 689.0000000000    0.0014513788    1.0300000000
 690.0000000000    0.0014492754    1.0700000000
 691.0000000000    0.0014471780    1.1200000000
 692.0000000000    0.0014450867    1.1500000000
 693.0000000000    0.0014430014    1.1400000000
 694.0000000000    0.0014409222    1.1300000000
 695.0000000000    0.0014388489    1.1500000000
 696.0000000000    0.0014367816    1.1500000000
 697.0000000000    0.0014347202    1.2200000000
 698.0000000000    0.0014326648    1.2000000000
 699.0000000000    0.0014306152    1.1700000000
 700.0000000000    0.0014285714    1.1600000000
 701.0000000000    0.0014265335    1.1500000000
 702.0000000000    0.0014245014    1.1500000000
 703.0000000000    0.0014224751    1.1600000000
 704.0000000000    0.0014204545    1.1900000000
 705.0000000000    0.0014184397    1.2000000000
 706.0000000000    0.0014164306    1.1900000000
 707.0000000000    0.0014144272    1.1900000000
 708.0000000000    0.0014124294    1.1800000000
 709.0000000000    0.0014104372    1.1900000000
 710.0000000000    0.0014084507    1.2000000000
 711.0000000000    0.0014064698    1.1900000000
 712.0000000000    0.0014044944    1.1900000000
 713.0000000000    0.0014025245    1.1700000000
 714.0000000000    0.0014005602    1.1800000000
 715.0000000000    0.0013986014    1.1400000000
 716.0000000000    0.0013966480    1.1500000000
 717.0000000000    0.0013947001    1.0100000000
 718.0000000000    0.0013927577    0.9390000000
 719.0000000000    0.0013908206    0.8430000000
 720.0000000000    0.0013888889    0.8990000000
 721.0000000000    0.0013869626    0.9900000000
 722.0000000000    0.0013850416    1.1300000000
 723.0000000000    0.0013831259    1.0400000000
 724.0000000000    0.0013812155    0.9630000000
 725.0000000000    0.0013793103    0.9470000000
 726.0000000000    0.0013774105    0.9860000000
 727.0000000000    0.0013755158    0.9900000000
 728.0000000000    0.0013736264    0.9500000000
 729.0000000000    0.0013717421    0.9550000000
 730.0000000000    0.0013698630    1.0300000000
 731.0000000000    0.0013679891    0.9770000000
 732.0000000000    0.0013661202    1.0500000000
 733.0000000000    0.0013642565    1.0900000000
 734.0000000000    0.0013623978    1.1300000000
 735.0000000000    0.0013605442    1.1100000000
 736.0000000000    0.0013586957    1.1000000000
 737.0000000000    0.0013568521    1.1000000000
 738.0000000000    0.0013550136    1.1200000000
 739.0000000000    0.0013531800    1.0900000000
 740.0000000000    0.0013513514    1.1100000000
 741.0000000000    0.0013495277    1.1100000000
 742.0000000000    0.0013477089    1.1100000000
 743.0000000000    0.0013458950    1.1300000000
 744.0000000000    0.0013440860    1.1400000000
 745.0000000000    0.0013422819    1.1400000000
 746.0000000000    0.0013404826    1.1400000000
 747.0000000000    0.0013386881    1.1400000000
 748.0000000000    0.0013368984    1.1300000000
 749.0000000000    0.0013351135    1.1300000000
 750.0000000000    0.0013333333    1.1300000000
 751.0000000000    0.0013315579    1.1200000000
 752.0000000000    0.0013297872    1.1300000000
 753.0000000000    0.0013280212    1.1200000000
 754.0000000000    0.0013262599    1.1400000000
 755.0000000000    0.0013245033    1.1300000000
 756.0000000000    0.0013227513    1.1200000000
 757.0000000000    0.0013210040    1.1200000000
 758.0000000000    0.0013192612    1.1200000000
 759.0000000000    0.0013175231    1.0900000000
 760.0000000000    0.0013157895    0.2470000000
 761.0000000000    0.0013140604    0.1430000000
 762.0000000000    0.0013123360    0.6350000000
 763.0000000000    0.0013106160    0.3520000000
 764.0000000000    0.0013089005    0.4990000000
 765.0000000000    0.0013071895    0.6340000000
 766.0000000000    0.0013054830    0.7510000000
 767.0000000000    0.0013037810    0.8960000000
 768.0000000000    0.0013020833    1.0200000000
 769.0000000000    0.0013003901    1.0300000000
 770.0000000000    0.0012987013    1.0600000000
 771.0000000000    0.0012970169    1.0700000000
 772.0000000000    0.0012953368    1.0800000000
 773.0000000000    0.0012936611    1.0800000000
 774.0000000000    0.0012919897    1.0800000000
 775.0000000000    0.0012903226    1.0800000000
 776.0000000000    0.0012886598    1.0800000000
 777.0000000000    0.0012870013    1.0800000000
 778.0000000000    0.0012853470    1.0800000000
 779.0000000000    0.0012836970    1.0800000000
 780.0000000000    0.0012820513    1.0700000000
 781.0000000000    0.0012804097    1.0700000000
 782.0000000000    0.0012787724    1.0700000000
 783.0000000000    0.0012771392    1.0700000000
 784.0000000000    0.0012755102    1.0600000000
 785.0000000000    0.0012738854    1.0600000000
 786.0000000000    0.0012722646    1.0700000000
 787.0000000000    0.0012706480    1.0500000000
 788.0000000000    0.0012690355    1.0400000000
 789.0000000000    0.0012674271    1.0400000000
 790.0000000000    0.0012658228    1.0000000000
 791.0000000000    0.0012642225    1.0200000000
 792.0000000000    0.0012626263    1.0100000000
 793.0000000000    0.0012610340    1.0000000000
 794.0000000000    0.0012594458    1.0100000000
 795.0000000000    0.0012578616    1.0100000000
 796.0000000000    0.0012562814    0.9900000000
 797.0000000000    0.0012547051    1.0100000000
 798.0000000000    0.0012531328    1.0200000000
 799.0000000000    0.0012515645    1.0000000000
 800.0000000000    0.0012500000    0.9890000000
 801.0000000000    0.0012484395    1.0000000000
 802.0000000000    0.0012468828    1.0000000000
 803.0000000000    0.0012453300    0.9830000000
 804.0000000000    0.0012437811    0.9950000000
 805.0000000000    0.0012422360    0.9730000000
 806.0000000000    0.0012406948    1.0100000000
 807.0000000000    0.0012391574    1.0000000000
 808.0000000000    0.0012376238    0.9980000000
 809.0000000000    0.0012360939    0.9740000000
 810.0000000000    0.0012345679    0.9750000000
 811.0000000000    0.0012330456    0.9730000000
 812.0000000000    0.0012315271    0.9490000000
 813.0000000000    0.0012300123    0.9320000000
 814.0000000000    0.0012285012    0.8370000000
 815.0000000000    0.0012269939    0.8290000000
 816.0000000000    0.0012254902    0.7720000000
 817.0000000000    0.0012239902    0.7900000000
 818.0000000000    0.0012224939    0.7630000000
 819.0000000000    0.0012210012    0.8380000000
 820.0000000000    0.0012195122    0.7990000000
 821.0000000000    0.0012180268    0.9230000000
 822.0000000000    0.0012165450    0.8810000000
 823.0000000000    0.0012150668    0.6260000000
 824.0000000000    0.0012135922    0.8660000000
 825.0000000000    0.0012121212    0.8980000000
 826.0000000000    0.0012106538    0.8650000000
 827.0000000000    0.0012091898    0.9120000000
 828.0000000000    0.0012077295    0.7890000000
 829.0000000000    0.0012062726    0.8610000000
 830.0000000000    0.0012048193    0.8490000000
 831.0000000000    0.0012033694    0.8570000000
 832.0000000000    0.0012019231    0.8300000000
 833.0000000000    0.0012004802    0.8860000000
 834.0000000000    0.0011990408    0.8660000000
 835.0000000000    0.0011976048    0.9290000000
 836.0000000000    0.0011961722    0.9010000000
 837.0000000000    0.0011947431    0.9350000000
 838.0000000000    0.0011933174    0.9260000000
 839.0000000000    0.0011918951    0.9280000000
 840.0000000000    0.0011904762    0.9410000000
 841.0000000000    0.0011890606    0.9360000000
 842.0000000000    0.0011876485    0.9240000000
 843.0000000000    0.0011862396    0.9320000000
 844.0000000000    0.0011848341    0.9140000000
 845.0000000000    0.0011834320    0.9420000000
 846.0000000000    0.0011820331    0.9440000000
 847.0000000000    0.0011806375    0.9190000000
 848.0000000000    0.0011792453    0.9200000000
 849.0000000000    0.0011778563    0.9140000000
 850.0000000000    0.0011764706    0.8290000000
 851.0000000000    0.0011750881    0.9050000000
 852.0000000000    0.0011737089    0.8990000000
 853.0000000000    0.0011723329    0.8950000000
 854.0000000000    0.0011709602    0.7900000000
 855.0000000000    0.0011695906    0.8470000000
 856.0000000000    0.0011682243    0.9030000000
 857.0000000000    0.0011668611    0.9210000000
 858.0000000000    0.0011655012    0.9210000000
 859.0000000000    0.0011641444    0.9210000000
 860.0000000000    0.0011627907    0.9180000000
 861.0000000000    0.0011614402    0.9160000000
 862.0000000000    0.0011600928    0.9240000000
 863.0000000000    0.0011587486    0.9290000000
 864.0000000000    0.0011574074    0.9100000000
 865.0000000000    0.0011560694    0.8950000000
 866.0000000000    0.0011547344    0.7890000000
 867.0000000000    0.0011534025    0.8510000000
 868.0000000000    0.0011520737    0.8910000000
 869.0000000000    0.0011507480    0.8830000000
 870.0000000000    0.0011494253    0.8990000000
 871.0000000000    0.0011481056    0.8870000000
 872.0000000000    0.0011467890    0.8990000000
 873.0000000000    0.0011454754    0.8900000000
 874.0000000000    0.0011441648    0.8750000000
 875.0000000000    0.0011428571    0.8620000000
 876.0000000000    0.0011415525    0.8860000000
 877.0000000000    0.0011402509    0.8890000000
 878.0000000000    0.0011389522    0.8860000000
 879.0000000000    0.0011376564    0.8710000000
 880.0000000000    0.0011363636    0.8740000000
 881.0000000000    0.0011350738    0.8460000000
 882.0000000000    0.0011337868    0.8680000000
 883.0000000000    0.0011325028    0.8650000000
 884.0000000000    0.0011312217    0.8690000000
 885.0000000000    0.0011299435    0.8790000000
 886.0000000000    0.0011286682    0.8450000000
 887.0000000000    0.0011273957    0.8480000000
 888.0000000000    0.0011261261    0.8590000000
 889.0000000000    0.0011248594    0.8700000000
 890.0000000000    0.0011235955    0.8610000000
 891.0000000000    0.0011223345    0.8630000000
 892.0000000000    0.0011210762    0.8470000000
 893.0000000000    0.0011198208    0.8140000000
 894.0000000000    0.0011185682    0.7940000000
 895.0000000000    0.0011173184    0.7600000000
 896.0000000000    0.0011160714    0.7130000000
 897.0000000000    0.0011148272    0.6230000000
 898.0000000000    0.0011135857    0.6710000000
 899.0000000000    0.0011123471    0.5150000000
 900.0000000000    0.0011111111    0.6940000000
 901.0000000000    0.0011098779    0.5620000000
 902.0000000000    0.0011086475    0.6250000000
 903.0000000000    0.0011074197    0.6450000000
 904.0000000000    0.0011061947    0.7890000000
 905.0000000000    0.0011049724    0.7630000000
 906.0000000000    0.0011037528    0.7250000000
 907.0000000000    0.0011025358    0.5980000000
 908.0000000000    0.0011013216    0.6110000000
 909.0000000000    0.0011001100    0.6590000000
 910.0000000000    0.0010989011    0.5860000000
 911.0000000000    0.0010976948    0.6260000000
 912.0000000000    0.0010964912    0.6450000000
 913.0000000000    0.0010952903    0.5890000000
 914.0000000000    0.0010940919    0.5870000000
 915.0000000000    0.0010928962    0.6360000000
 916.0000000000    0.0010917031    0.5410000000
 917.0000000000    0.0010905125    0.6840000000
 918.0000000000    0.0010893246    0.5560000000
 919.0000000000    0.0010881393    0.6920000000
 920.0000000000    0.0010869565    0.6970000000
 921.0000000000    0.0010857763    0.7300000000
 922.0000000000    0.0010845987    0.6560000000
 923.0000000000    0.0010834236    0.6970000000
 924.0000000000    0.0010822511    0.6760000000
 925.0000000000    0.0010810811    0.6660000000
 926.0000000000    0.0010799136    0.6590000000
 927.0000000000    0.0010787487    0.7370000000
 928.0000000000    0.0010775862    0.5540000000
 929.0000000000    0.0010764263    0.5180000000
 930.0000000000    0.0010752688    0.4070000000
 931.0000000000    0.0010741139    0.3850000000
 932.0000000000    0.0010729614    0.2840000000
 933.0000000000    0.0010718114    0.2350000000
 934.0000000000    0.0010706638    0.1360000000
 935.0000000000    0.0010695187    0.2370000000
 936.0000000000    0.0010683761    0.1530000000
 937.0000000000    0.0010672359    0.1550000000
 938.0000000000    0.0010660981    0.1900000000
 939.0000000000    0.0010649627    0.3760000000
 940.0000000000    0.0010638298    0.4440000000
 941.0000000000    0.0010626993    0.3510000000
 942.0000000000    0.0010615711    0.3820000000
 943.0000000000    0.0010604454    0.2630000000
 944.0000000000    0.0010593220    0.2700000000
 945.0000000000    0.0010582011    0.3470000000
 946.0000000000    0.0010570825    0.1840000000
 947.0000000000    0.0010559662    0.3500000000
 948.0000000000    0.0010548523    0.2590000000
 949.0000000000    0.0010537408    0.4650000000
 950.0000000000    0.0010526316    0.1390000000
 951.0000000000    0.0010515247    0.4560000000
 952.0000000000    0.0010504202    0.2540000000
 953.0000000000    0.0010493179    0.3240000000
 954.0000000000    0.0010482180    0.4000000000
 955.0000000000    0.0010471204    0.3220000000
 956.0000000000    0.0010460251    0.3100000000
 957.0000000000    0.0010449321    0.2560000000
 958.0000000000    0.0010438413    0.4350000000
 959.0000000000    0.0010427529    0.3530000000
 960.0000000000    0.0010416667    0.3970000000
 961.0000000000    0.0010405827    0.4350000000
 962.0000000000    0.0010395010    0.4170000000
 963.0000000000    0.0010384216    0.4760000000
 964.0000000000    0.0010373444    0.4320000000
 965.0000000000    0.0010362694    0.4750000000
 966.0000000000    0.0010351967    0.4740000000
 967.0000000000    0.0010341262    0.4740000000
 968.0000000000    0.0010330579    0.6130000000
 969.0000000000    0.0010319917    0.6450000000
 970.0000000000    0.0010309278    0.5970000000
 971.0000000000    0.0010298661    0.6710000000
 972.0000000000    0.0010288066    0.6460000000
 973.0000000000    0.0010277492    0.5710000000
 974.0000000000    0.0010266940    0.5420000000
 975.0000000000    0.0010256410    0.5550000000
 976.0000000000    0.0010245902    0.5390000000
 977.0000000000    0.0010235415    0.6010000000
 978.0000000000    0.0010224949    0.5790000000
 979.0000000000    0.0010214505    0.6000000000
 980.0000000000    0.0010204082    0.5690000000
 981.0000000000    0.0010193680    0.6710000000
 982.0000000000    0.0010183299    0.6510000000
 983.0000000000    0.0010172940    0.6290000000
 984.0000000000    0.0010162602    0.6930000000
 985.0000000000    0.0010152284    0.6470000000
 986.0000000000    0.0010141988    0.7060000000
 987.0000000000    0.0010131712    0.6950000000
 988.0000000000    0.0010121457    0.6910000000
 989.0000000000    0.0010111223    0.7040000000
 990.0000000000    0.0010101010    0.6880000000
 991.0000000000    0.0010090817    0.7080000000
 992.0000000000    0.0010080645    0.7060000000
 993.0000000000    0.0010070493    0.6930000000
 994.0000000000    0.0010060362    0.7090000000
 995.0000000000    0.0010050251    0.7070000000
 996.0000000000    0.0010040161    0.7040000000
 997.0000000000    0.0010030090    0.6960000000
 998.0000000000    0.0010020040    0.6950000000
 999.0000000000    0.0010010010    0.6950000000
1000.0000000000    0.0010000000    0.6920000000
1001.0000000000    0.0009990010    0.7000000000
1002.0000000000    0.0009980040    0.6850000000
1003.0000000000    0.0009970090    0.6910000000
1004.0000000000    0.0009960159    0.6810000000
1005.0000000000    0.0009950249    0.6410000000
1006.0000000000    0.0009940358    0.6700000000
1007.0000000000    0.0009930487    0.6850000000
1008.0000000000    0.0009920635    0.6840000000
1009.0000000000    0.0009910803    0.6770000000
1010.0000000000    0.0009900990    0.6770000000
1011.0000000000    0.0009891197    0.6800000000
1012.0000000000    0.0009881423    0.6770000000
1013.0000000000    0.0009871668    0.6760000000
1014.0000000000    0.0009861933    0.6780000000
1015.0000000000    0.0009852217    0.6670000000
1016.0000000000    0.0009842520    0.6700000000
1017.0000000000    0.0009832842    0.6620000000
1018.0000000000    0.0009823183    0.6730000000
1019.0000000000    0.0009813543    0.6490000000
1020.0000000000    0.0009803922    0.6580000000
1021.0000000000    0.0009794319    0.6610000000
1022.0000000000    0.0009784736    0.6500000000
1023.0000000000    0.0009775171    0.6550000000
1024.0000000000    0.0009765625    0.6510000000
1025.0000000000    0.0009756098    0.6570000000
1026.0000000000    0.0009746589    0.6560000000
1027.0000000000    0.0009737098    0.6530000000
1028.0000000000    0.0009727626    0.6540000000
1029.0000000000    0.0009718173    0.6470000000
1030.0000000000    0.0009708738    0.6510000000
1031.0000000000    0.0009699321    0.6480000000
1032.0000000000    0.0009689922    0.6490000000
1033.0000000000    0.0009680542    0.6380000000
1034.0000000000    0.0009671180    0.6410000000
1035.0000000000    0.0009661836    0.6430000000
1036.0000000000    0.0009652510    0.6430000000
1037.0000000000    0.0009643202    0.6370000000
1038.0000000000    0.0009633911    0.6340000000
1039.0000000000    0.0009624639    0.6380000000
1040.0000000000    0.0009615385    0.6340000000
1041.0000000000    0.0009606148    0.6340000000
1042.0000000000    0.0009596929    0.6340000000
1043.0000000000    0.0009587728    0.6280000000
1044.0000000000    0.0009578544    0.6310000000
1045.0000000000    0.0009569378    0.6270000000
1046.0000000000    0.0009560229    0.6110000000
1047.0000000000    0.0009551098    0.6200000000
1048.0000000000    0.0009541985    0.6260000000
1049.0000000000    0.0009532888    0.6220000000
1050.0000000000    0.0009523810    0.6180000000
1051.0000000000    0.0009514748    0.6190000000
1052.0000000000    0.0009505703    0.6150000000
1053.0000000000    0.0009496676    0.6130000000
1054.0000000000    0.0009487666    0.6100000000
1055.0000000000    0.0009478673    0.6120000000
1056.0000000000    0.0009469697    0.6110000000
1057.0000000000    0.0009460738    0.6090000000
1058.0000000000    0.0009451796    0.6030000000
1059.0000000000    0.0009442871    0.5850000000
1060.0000000000    0.0009433962    0.6010000000
1061.0000000000    0.0009425071    0.5870000000
1062.0000000000    0.0009416196    0.5980000000
1063.0000000000    0.0009407338    0.5880000000
1064.0000000000    0.0009398496    0.5970000000
1065.0000000000    0.0009389671    0.5950000000
1066.0000000000    0.0009380863    0.5830000000
1067.0000000000    0.0009372071    0.5860000000
1068.0000000000    0.0009363296    0.5860000000
1069.0000000000    0.0009354537    0.5540000000
1070.0000000000    0.0009345794    0.5720000000
1071.0000000000    0.0009337068    0.5830000000
1072.0000000000    0.0009328358    0.5820000000
1073.0000000000    0.0009319664    0.5710000000
1074.0000000000    0.0009310987    0.5880000000
1075.0000000000    0.0009302326    0.5610000000
1076.0000000000    0.0009293680    0.5810000000
1077.0000000000    0.0009285051    0.5720000000
1078.0000000000    0.0009276438    0.5710000000
1079.0000000000    0.0009267841    0.5720000000
1080.0000000000    0.0009259259    0.5650000000
1081.0000000000    0.0009250694    0.5500000000
1082.0000000000    0.0009242144    0.5580000000
1083.0000000000    0.0009233610    0.5660000000
1084.0000000000    0.0009225092    0.5480000000
1085.0000000000    0.0009216590    0.5620000000
1086.0000000000    0.0009208103    0.5250000000
1087.0000000000    0.0009199632    0.5370000000
1088.0000000000    0.0009191176    0.5620000000
1089.0000000000    0.0009182736    0.5490000000
1090.0000000000    0.0009174312    0.5270000000
1091.0000000000    0.0009165903    0.5570000000
1092.0000000000    0.0009157509    0.5500000000
1093.0000000000    0.0009149131    0.4840000000
1094.0000000000    0.0009140768    0.5110000000
1095.0000000000    0.0009132420    0.4940000000
1096.0000000000    0.0009124088    0.4770000000
1097.0000000000    0.0009115770    0.5480000000
1098.0000000000    0.0009107468    0.4770000000
1099.0000000000    0.0009099181    0.4820000000
1100.0000000000    0.0009090909    0.4610000000
1101.0000000000    0.0009082652    0.4720000000
1102.0000000000    0.0009074410    0.4450000000
1103.0000000000    0.0009066183    0.4430000000
1104.0000000000    0.0009057971    0.4440000000
1105.0000000000    0.0009049774    0.4810000000
1106.0000000000    0.0009041591    0.3780000000
1107.0000000000    0.0009033424    0.4590000000
1108.0000000000    0.0009025271    0.3950000000
1109.0000000000    0.0009017133    0.3920000000
1110.0000000000    0.0009009009    0.4550000000
1111.0000000000    0.0009000900    0.3160000000
1112.0000000000    0.0008992806    0.3930000000
1113.0000000000    0.0008984726    0.2560000000
1114.0000000000    0.0008976661    0.2860000000
1115.0000000000    0.0008968610    0.2380000000
1116.0000000000    0.0008960573    0.1920000000
1117.0000000000    0.0008952551    0.0762000000
1118.0000000000    0.0008944544    0.2080000000
1119.0000000000    0.0008936550    0.1080000000
1120.0000000000    0.0008928571    0.1360000000
1121.0000000000    0.0008920607    0.1780000000
1122.0000000000    0.0008912656    0.0782000000
1123.0000000000    0.0008904720    0.1230000000
1124.0000000000    0.0008896797    0.1040000000
1125.0000000000    0.0008888889    0.1380000000
1126.0000000000    0.0008880995    0.0494000000
1127.0000000000    0.0008873114    0.1500000000
