253.0		2.48	2.04
258.3		2.49	1.89
263.8		2.48	1.80
269.5		2.45	1.73
275.5		2.43	1.67
281.8		2.41	1.64
288.3		2.38	1.60
295.2		2.36	1.57
302.4		2.33	1.59
310.0		2.39	1.71
317.9		2.57	1.90
326.3		2.80	1.77
335.1		2.92	1.61
344.4		2.93	1.54
354.2		2.89	1.52
364.7		2.91	1.67
375.7		3.30	1.67
387.5		3.44	1.16
400.0		3.43	1.02
413.3		3.37	0.861
450.		3.080	0.485
450.9		3.23	0.636
495.9		3.14	0.525
500.		3.010	0.380
550.		2.945	0.300
551.0		3.05	0.411
600.		2.894	0.261
619.9		2.99	0.351
650.		2.860	0.238	
700.		2.861	0.210	
708.5		2.95	0.338	
750.		2.870	0.185	
800.		2.876	0.125	
820.		2.880	0.04	
840.0		2.905	0.00134	
855.1		2.9565	0.000051
861.0		2.9479	0.0000137
