    310.0000000000      0.0032258065  0.60691603765665769    
    311.0000000000      0.0032154341  0.60576689246425874    
    312.0000000000      0.0032051282  0.60479010606376815    
    313.0000000000      0.0031948882  0.60392264179789867    
    314.0000000000      0.0031847134  0.60311100993738631    
    315.0000000000      0.0031746032  0.60231602072145829    
    316.0000000000      0.0031645570  0.60151358741971162    
    317.0000000000      0.0031545741  0.60069435169152474    
    318.0000000000      0.0031446541  0.59986250121671225    
    319.0000000000      0.0031347962  0.59903361874257832    
    320.0000000000      0.0031250000  0.59823126462076859    
    321.0000000000      0.0031152648  0.60281399549027725    
    322.0000000000      0.0031055901  0.60183794200727991    
    323.0000000000      0.0030959752  0.60099730551790331    
    324.0000000000      0.0030864198  0.60029137027812651    
    325.0000000000      0.0030769231  0.59971016555635082    
    326.0000000000      0.0030674847  0.59923501587043104    
    327.0000000000      0.0030581040  0.59883958870542575    
    328.0000000000      0.0030487805  0.59849105180737294    
    329.0000000000      0.0030395137  0.59815273151573933    
    330.0000000000      0.0030303030  0.59778690707793380    
    331.0000000000      0.0030211480  0.59708019645794597    
    332.0000000000      0.0030120482  0.59628470543514456    
    333.0000000000      0.0030030030  0.59538463906301442    
    334.0000000000      0.0029940120  0.59437836229825358    
    335.0000000000      0.0029850746  0.59328190914586465    
    336.0000000000      0.0029761905  0.59211406356432683    
    337.0000000000      0.0029673591  0.59091112062825257    
    338.0000000000      0.0029585799  0.58970924207103204    
    339.0000000000      0.0029498525  0.58854231142426039    
    340.0000000000      0.0029411765  0.58743762419100154    
    341.0000000000      0.0029325513  0.58585831576601810    
    342.0000000000      0.0029239766  0.58436350367320833    
    343.0000000000      0.0029154519  0.58294785790937120    
    344.0000000000      0.0029069767  0.58159486860170273    
    345.0000000000      0.0028985507  0.58027893742278647    
    346.0000000000      0.0028901734  0.57896891101224712    
    347.0000000000      0.0028818444  0.57763274783763607    
    348.0000000000      0.0028735632  0.57624254968689748    
    349.0000000000      0.0028653295  0.57477896893827085    
    350.0000000000      0.0028571429  0.57323396726113540    
    351.0000000000      0.0028490028  0.56970295892182776    
    352.0000000000      0.0028409091  0.56612075242261739    
    353.0000000000      0.0028328612  0.56250774217592525    
    354.0000000000      0.0028248588  0.55888851011753859    
    355.0000000000      0.0028169014  0.55528795806770459    
    356.0000000000      0.0028089888  0.55172779417921980    
    357.0000000000      0.0028011204  0.54799965070298795    
    358.0000000000      0.0027932961  0.54455915192640514    
    359.0000000000      0.0027855153  0.54118230000831424    
    360.0000000000      0.0027777778  0.53786077496966000    
    361.0000000000      0.0027700831  0.53379341974745875    
    362.0000000000      0.0027624309  0.52942088324650483    
    363.0000000000      0.0027548209  0.52468697610230430    
    364.0000000000      0.0027472527  0.51999634080434698    
    365.0000000000      0.0027397260  0.51439697387076233    
    366.0000000000      0.0027322404  0.50825117166706635    
    367.0000000000      0.0027247956  0.50149634404173571    
    368.0000000000      0.0027173913  0.49407151314230846    
    369.0000000000      0.0027100271  0.48591833757158154    
    370.0000000000      0.0027027027  0.47698201035967946    
    371.0000000000      0.0026954178  0.47538648813061590    
    372.0000000000      0.0026881720  0.47402892722642720    
    373.0000000000      0.0026809651  0.47300539228296329    
    374.0000000000      0.0026737968  0.47241702484610926    
    375.0000000000      0.0026666667  0.47236306088664398    
    376.0000000000      0.0026595745  0.47292819162025540    
    377.0000000000      0.0026525199  0.47415543831169055    
    378.0000000000      0.0026455026  0.47615122276873345    
    379.0000000000      0.0026385224  0.47859974556011387    
    380.0000000000      0.0026315789  0.48117627033074634    
    381.0000000000      0.0026246719  0.49870491575584691    
    382.0000000000      0.0026178010  0.51885952686077275    
    383.0000000000      0.0026109661  0.54199412942024305    
    384.0000000000      0.0026041667  0.56860529063458531    
    385.0000000000      0.0025974026  0.59916989432622947    
    386.0000000000      0.0025906736  0.63409170921827185    
    387.0000000000      0.0025839793  0.67357919546355971    
    388.0000000000      0.0025773196  0.71743597526742753    
    389.0000000000      0.0025706941  0.76470675340473604    
    390.0000000000      0.0025641026  0.81314299485882902    
    391.0000000000      0.0025575448  0.84003211079804962    
    392.0000000000      0.0025510204  0.86074266965786295    
    393.0000000000      0.0025445293  0.87305336223932561    
    394.0000000000      0.0025380711  0.87482774917459483    
    395.0000000000      0.0025316456  0.86432754312640048    
    396.0000000000      0.0025252525  0.84063563725980872    
    397.0000000000      0.0025188917  0.80408270018539385    
    398.0000000000      0.0025125628  0.75643920983217883    
    399.0000000000      0.0025062657  0.70069048432660364    
    400.0000000000      0.0025000000  0.64041724123733434    
    401.0000000000      0.0024937656  0.59389064216919163    
    402.0000000000      0.0024875622  0.54910372193263279    
    403.0000000000      0.0024813896  0.50662471043160673    
    404.0000000000      0.0024752475  0.46679043081791960    
    405.0000000000      0.0024691358  0.42989886298688995    
    406.0000000000      0.0024630542  0.39616730637432929    
    407.0000000000      0.0024570025  0.36549670150557950    
    408.0000000000      0.0024509804  0.33753272200111689    
    409.0000000000      0.0024449878  0.31215908001716725    
    410.0000000000      0.0024390244  0.28896932535014985    
    411.0000000000      0.0024330900  0.27167124514091612    
    412.0000000000      0.0024271845  0.25623327622325370    
    413.0000000000      0.0024213075  0.24279454023170402    
    414.0000000000      0.0024154589  0.23109550663814979    
    415.0000000000      0.0024096386  0.22081465216920826    
    416.0000000000      0.0024038462  0.21170813213663639    
    417.0000000000      0.0023980815  0.20360924915408796    
    418.0000000000      0.0023923445  0.19646687098143942    
    419.0000000000      0.0023866348  0.19035541218649851    
    420.0000000000      0.0023809524  0.18541440445115193    
    421.0000000000      0.0023752969  0.18333884410410423    
    422.0000000000      0.0023696682  0.18265140885926304    
    423.0000000000      0.0023640662  0.18408231175184125    
    424.0000000000      0.0023584906  0.19036844828634691    
    425.0000000000      0.0023529412  0.19261069057811048    
    426.0000000000      0.0023474178  0.18948136181821970    
    427.0000000000      0.0023419204  0.18726714634161928    
    428.0000000000      0.0023364486  0.18452011208285540    
    429.0000000000      0.0023310023  0.18038464173637950    
    430.0000000000      0.0023255814  0.17462796364236569    
    431.0000000000      0.0023201856  0.16860790647375451    
    432.0000000000      0.0023148148  0.16250835589857512    
    433.0000000000      0.0023094688  0.15698238155819946    
    434.0000000000      0.0023041475  0.15236939545984987    
    435.0000000000      0.0022988506  0.14879334950908799    
    436.0000000000      0.0022935780  0.14640531857741049    
    437.0000000000      0.0022883295  0.14547436797678553    
    438.0000000000      0.0022831050  0.14620476988739681    
    439.0000000000      0.0022779043  0.14826911773878454    
    440.0000000000      0.0022727273  0.15016102301954362    
    441.0000000000      0.0022675737  0.14989906143492623    
    442.0000000000      0.0022624434  0.14661105968113786    
    443.0000000000      0.0022573363  0.14207167893697403    
    444.0000000000      0.0022522523  0.13843126847447751    
    445.0000000000      0.0022471910  0.13637944222997772    
    446.0000000000      0.0022421525  0.13546455250183023    
    447.0000000000      0.0022371365  0.13546957140874111    
    448.0000000000      0.0022321429  0.13613252737518333    
    449.0000000000      0.0022271715  0.13539071962086455    
    450.0000000000      0.0022222222  0.13188807453146936    
    451.0000000000      0.0022172949  0.12876369417532990    
    452.0000000000      0.0022123894  0.12805053967659213    
    453.0000000000      0.0022075055  0.12731943274901378    
    454.0000000000      0.0022026432  0.12354968767023458    
    455.0000000000      0.0021978022  0.11929199705178802    
    456.0000000000      0.0021929825  0.11533666347324667    
    457.0000000000      0.0021881838  0.11195000587131648    
    458.0000000000      0.0021834061  0.10940115786531741    
    459.0000000000      0.0021786492  0.10665998333468175    
    460.0000000000      0.0021739130  0.10324547459872588    
    461.0000000000      0.0021691974  0.99925549790749038E-01
    462.0000000000      0.0021645022  0.97312547432074903E-01
    463.0000000000      0.0021598272  0.95975522908128191E-01
    464.0000000000      0.0021551724  0.96286839810627911E-01
    465.0000000000      0.0021505376  0.98180600003442448E-01
    466.0000000000      0.0021459227  0.10071123163038100    
    467.0000000000      0.0021413276  0.10204741987400570    
    468.0000000000      0.0021367521  0.10080964052144412    
    469.0000000000      0.0021321962  0.97677016690582902E-01
    470.0000000000      0.0021276596  0.94604987786381392E-01
    471.0000000000      0.0021231423  0.93626771925378022E-01
    472.0000000000      0.0021186441  0.94430862160299611E-01
    473.0000000000      0.0021141649  0.97047101501956959E-01
    474.0000000000      0.0021097046  0.10129749654940737    
    475.0000000000      0.0021052632  0.10619624074381667    
    476.0000000000      0.0021008403  0.10934589717766993    
    477.0000000000      0.0020964361  0.10843791647044834    
    478.0000000000      0.0020920502  0.10428916677263741    
    479.0000000000      0.0020876827  0.99914125026063408E-01
    480.0000000000      0.0020833333  0.97111602918530965E-01
    481.0000000000      0.0020790021  0.95753329142256954E-01
    482.0000000000      0.0020746888  0.95221976655356713E-01
    483.0000000000      0.0020703934  0.95525271164610973E-01
    484.0000000000      0.0020661157  0.96756432667169184E-01
    485.0000000000      0.0020618557  0.98003914369168471E-01
    486.0000000000      0.0020576132  0.97364086573885442E-01
    487.0000000000      0.0020533881  0.94393554490479314E-01
    488.0000000000      0.0020491803  0.91376364119666875E-01
    489.0000000000      0.0020449898  0.90417357610060534E-01
    490.0000000000      0.0020408163  0.91567268913152380E-01
    491.0000000000      0.0020366599  0.93151131439901405E-01
    492.0000000000      0.0020325203  0.93450877582567746E-01
    493.0000000000      0.0020283976  0.92350876364243203E-01
    494.0000000000      0.0020242915  0.91133648207642776E-01
    495.0000000000      0.0020202020  0.90791059179998551E-01
    496.0000000000      0.0020161290  0.91270627155835699E-01
    497.0000000000      0.0020120724  0.92049064048100621E-01
    498.0000000000      0.0020080321  0.93412340564087593E-01
    499.0000000000      0.0020040080  0.96711404000964243E-01
    500.0000000000      0.0020000000  0.10320535864718265    
    501.0000000000      0.0019960080  0.11233661974243392    
    502.0000000000      0.0019920319  0.11997857497476568    
    503.0000000000      0.0019880716  0.11957079041803352    
    504.0000000000      0.0019841270  0.11183652256668172    
    505.0000000000      0.0019801980  0.10345486624346500    
    506.0000000000      0.0019762846  0.98032426309174595E-01
    507.0000000000      0.0019723866  0.95696935348073664E-01
    508.0000000000      0.0019685039  0.95379229652168093E-01
    509.0000000000      0.0019646365  0.96337184010537980E-01
    510.0000000000      0.0019607843  0.99156864358907124E-01
    511.0000000000      0.0019569472  0.10499484037621010    
    512.0000000000      0.0019531250  0.11338054789198894    
    513.0000000000      0.0019493177  0.12157884346476400    
    514.0000000000      0.0019455253  0.12443641983669254    
    515.0000000000      0.0019417476  0.11986294829075178    
    516.0000000000      0.0019379845  0.11199670365090228    
    517.0000000000      0.0019342360  0.10561194308356525    
    518.0000000000      0.0019305019  0.10287053790981956    
    519.0000000000      0.0019267823  0.10426753638588232    
    520.0000000000      0.0019230769  0.10819512095274919    
    521.0000000000      0.0019193858  0.11150507087982303    
    522.0000000000      0.0019157088  0.11447291722600256    
    523.0000000000      0.0019120459  0.11926001786832938    
    524.0000000000      0.0019083969  0.12714384996241354    
    525.0000000000      0.0019047619  0.13784728765563203    
    526.0000000000      0.0019011407  0.14836222097780538    
    527.0000000000      0.0018975332  0.15311710369963977    
    528.0000000000      0.0018939394  0.14961304646775767    
    529.0000000000      0.0018903592  0.14201528121883339    
    530.0000000000      0.0018867925  0.13561216602533541    
    531.0000000000      0.0018832392  0.13274900642055412    
    532.0000000000      0.0018796992  0.13271333385359915    
    533.0000000000      0.0018761726  0.13231877656055563    
    534.0000000000      0.0018726592  0.12938674835888328    
    535.0000000000      0.0018691589  0.12581713534905142    
    536.0000000000      0.0018656716  0.12488812205184567    
    537.0000000000      0.0018621974  0.12892526089502640    
    538.0000000000      0.0018587361  0.13726701089077681    
    539.0000000000      0.0018552876  0.14338791130048439    
    540.0000000000      0.0018518519  0.14450490137311997    
    541.0000000000      0.0018484288  0.14258162362587279    
    542.0000000000      0.0018450185  0.14137232467795496    
    543.0000000000      0.0018416206  0.14363895670842880    
    544.0000000000      0.0018382353  0.15019459123630127    
    545.0000000000      0.0018348624  0.15967704548258033    
    546.0000000000      0.0018315018  0.16773192943992510    
    547.0000000000      0.0018281536  0.16899898357763163    
    548.0000000000      0.0018248175  0.16329079293626816    
    549.0000000000      0.0018214936  0.15585430322709304    
    550.0000000000      0.0018181818  0.15117598418665265    
    551.0000000000      0.0018148820  0.15074350062841477    
    552.0000000000      0.0018115942  0.15394747749254234    
    553.0000000000      0.0018083183  0.15848188850818459    
    554.0000000000      0.0018050542  0.16137623924292044    
    555.0000000000      0.0018018018  0.16226459352394024    
    556.0000000000      0.0017985612  0.16417839302187368    
    557.0000000000      0.0017953321  0.17026807659381743    
    558.0000000000      0.0017921147  0.18191962638461001    
    559.0000000000      0.0017889088  0.19795927095547575    
    560.0000000000      0.0017857143  0.21261693706307133    
    561.0000000000      0.0017825312  0.21674764795100271    
    562.0000000000      0.0017793594  0.20845317920784959    
    563.0000000000      0.0017761989  0.19470523200548126    
    564.0000000000      0.0017730496  0.18310653982827280    
    565.0000000000      0.0017699115  0.17671558010393001    
    566.0000000000      0.0017667845  0.17558286484214020    
    567.0000000000      0.0017636684  0.17833497545225807    
    568.0000000000      0.0017605634  0.18246734446296692    
    569.0000000000      0.0017574692  0.18576692795630734    
    570.0000000000      0.0017543860  0.18905714429502699    
    571.0000000000      0.0017513135  0.19596202145773842    
    572.0000000000      0.0017482517  0.20826750215445944    
    573.0000000000      0.0017452007  0.22622780327809081    
    574.0000000000      0.0017421603  0.24663136207504840    
    575.0000000000      0.0017391304  0.26110063328965033    
    576.0000000000      0.0017361111  0.26115607716737904    
    577.0000000000      0.0017331023  0.24903823684627158    
    578.0000000000      0.0017301038  0.23506715835745390    
    579.0000000000      0.0017271157  0.22662435067842496    
    580.0000000000      0.0017241379  0.22612677926761249    
    581.0000000000      0.0017211704  0.23236117771137590    
    582.0000000000      0.0017182131  0.24381392190507245    
    583.0000000000      0.0017152659  0.25515607399994900    
    584.0000000000      0.0017123288  0.26089758785151934    
    585.0000000000      0.0017094017  0.26271557852756861    
    586.0000000000      0.0017064846  0.26669918818697924    
    587.0000000000      0.0017035775  0.27659079619482768    
    588.0000000000      0.0017006803  0.29322078470996554    
    589.0000000000      0.0016977929  0.31553405271414625    
    590.0000000000      0.0016949153  0.34023475004637510    
    591.0000000000      0.0016920474  0.36186112797914871    
    592.0000000000      0.0016891892  0.37407073295125065    
    593.0000000000      0.0016863406  0.37673088183390407    
    594.0000000000      0.0016835017  0.37718558211200703    
    595.0000000000      0.0016806723  0.38512195258853221    
    596.0000000000      0.0016778523  0.40693108349478524    
    597.0000000000      0.0016750419  0.44073650691403121    
    598.0000000000      0.0016722408  0.46858882144130476    
    599.0000000000      0.0016694491  0.46546351516013762    
    600.0000000000      0.0016666667  0.45711385833099510    
    601.0000000000      0.0016638935  0.35719644643526804    
    602.0000000000      0.0016611296  0.30842158375595286    
    603.0000000000      0.0016583748  0.30679163425506678    
    604.0000000000      0.0016556291  0.61629997607906262    
    605.0000000000      0.0016528926  0.45542616905544192    
    606.0000000000      0.0016501650  0.40346468295551258    
    607.0000000000      0.0016474465  0.39752737614543526    
    608.0000000000      0.0016447368  0.40570650988340767    
    609.0000000000      0.0016420361  0.42100613952016019    
    610.0000000000      0.0016393443  0.44427910311493984    
    611.0000000000      0.0016366612  0.47813146437639431    
    612.0000000000      0.0016339869  0.52368898229796534    
    613.0000000000      0.0016313214  0.58352392639574135    
    614.0000000000      0.0016286645  0.65753303932183749    
    615.0000000000      0.0016260163  0.73647889378463283    
    616.0000000000      0.0016233766  0.80654154101014786    
    617.0000000000      0.0016207455  0.90528069592725857    
    618.0000000000      0.0016181230  0.67012511766691907    
    619.0000000000      0.0016155089  0.64678052426088284    
    620.0000000000      0.0016129032  0.65422526786095658    
    621.0000000000      0.0016103060  0.68050548589514859    
    622.0000000000      0.0016077170  0.71498258036078277    
    623.0000000000      0.0016051364  0.74364760450851564    
    624.0000000000      0.0016025641  0.75593461589841171    
    625.0000000000      0.0016000000  0.75499171753153049    
    626.0000000000      0.0015974441  0.76118171635215037    
    627.0000000000      0.0015948963  0.81553314222582374    
    628.0000000000      0.0015923567  0.75897765802526418    
    629.0000000000      0.0015898251  0.67991295124641904    
    630.0000000000      0.0015873016  0.71968234482770432    
    631.0000000000      0.0015847861  0.76061659444972440    
    632.0000000000      0.0015822785  0.76898222558338192    
    633.0000000000      0.0015797788  0.74331817987873983    
    634.0000000000      0.0015772871  0.70512895078886040    
    635.0000000000      0.0015748031  0.67277796816160118    
    636.0000000000      0.0015723270  0.65491085867598597    
    637.0000000000      0.0015698587  0.65586749103152220    
    638.0000000000      0.0015673981  0.67866926857962195    
    639.0000000000      0.0015649452  0.71924390368800761    
    640.0000000000      0.0015625000  0.75128606615231874    
    641.0000000000      0.0015600624  0.74072669104476674    
    642.0000000000      0.0015576324  0.69425850979758241    
    643.0000000000      0.0015552100  0.64684125448710983    
    644.0000000000      0.0015527950  0.61811069120402684    
    645.0000000000      0.0015503876  0.61592505994151947    
    646.0000000000      0.0015479876  0.64784772876420915    
    647.0000000000      0.0015455951  0.71211822637058442    
    648.0000000000      0.0015432099  0.75011051965238673    
    649.0000000000      0.0015408320  0.69079467544924489    
    650.0000000000      0.0015384615  0.59476357020858994    
    651.0000000000      0.0015360983  0.52244215978933228    
    652.0000000000      0.0015337423  0.48078196572140486    
    653.0000000000      0.0015313936  0.47314847431493134    
    654.0000000000      0.0015290520  0.51595477512719690    
    655.0000000000      0.0015267176  0.51568713311564085    
    656.0000000000      0.0015243902  0.41849187982489550    
    657.0000000000      0.0015220700  0.36448005704665787    
    658.0000000000      0.0015197568  0.34456169152631622    
    659.0000000000      0.0015174507  0.35927219423613782    
    660.0000000000      0.0015151515  0.35997035318418369    
    661.0000000000      0.0015128593  0.32932178520784605    
    662.0000000000      0.0015105740  0.30517283549467666    
    663.0000000000      0.0015082956  0.26333822717890532    
    664.0000000000      0.0015060241  0.24147376339408999    
    665.0000000000      0.0015037594  0.22688407451202824    
    666.0000000000      0.0015015015  0.21513858315163101    
    667.0000000000      0.0014992504  0.20487931656314473    
    668.0000000000      0.0014970060  0.19557495825539065    
    669.0000000000      0.0014947683  0.18697218175083319    
    670.0000000000      0.0014925373  0.17893098905932514    
    671.0000000000      0.0014903130  0.17136478881397371    
    672.0000000000      0.0014880952  0.16421510478225340    
    673.0000000000      0.0014858841  0.15743958151859921    
    674.0000000000      0.0014836795  0.15100576594128487    
    675.0000000000      0.0014814815  0.14488762675514585    
    676.0000000000      0.0014792899  0.13906349686223018    
    677.0000000000      0.0014771049  0.13351478959156568    
    678.0000000000      0.0014749263  0.12822517737403594    
    679.0000000000      0.0014727541  0.12318004135732380    
    680.0000000000      0.0014705882  0.11836608159892045    
    681.0000000000      0.0014684288  0.11385397878043403    
    682.0000000000      0.0014662757  0.10954139178068319    
    683.0000000000      0.0014641288  0.10541833975694741    
    684.0000000000      0.0014619883  0.10147544067059333    
    685.0000000000      0.0014598540  0.97703838209972166E-01
    686.0000000000      0.0014577259  0.94095157836202648E-01
    687.0000000000      0.0014556041  0.90641460952506137E-01
    688.0000000000      0.0014534884  0.87335209566409930E-01
    689.0000000000      0.0014513788  0.84169242298994848E-01
    690.0000000000      0.0014492754  0.81136757458305647E-01
    691.0000000000      0.0014471780  0.78919436415483588E-01
    692.0000000000      0.0014450867  0.76787891764210886E-01
    693.0000000000      0.0014430014  0.74738125594990906E-01
    694.0000000000      0.0014409222  0.72766327045692025E-01
    695.0000000000      0.0014388489  0.70868877693314389E-01
    696.0000000000      0.0014367816  0.69042325847572070E-01
    697.0000000000      0.0014347202  0.67283398772259820E-01
    698.0000000000      0.0014326648  0.65588980800278487E-01
    699.0000000000      0.0014306152  0.63956110016250012E-01
    700.0000000000      0.0014285714  0.62381975064481288E-01
    701.0000000000      0.0014265335  0.60881544537267823E-01
    702.0000000000      0.0014245014  0.59433412769787142E-01
    703.0000000000      0.0014224751  0.58035251393760583E-01
    704.0000000000      0.0014204545  0.56684849284128147E-01
    705.0000000000      0.0014184397  0.55380106877218942E-01
    706.0000000000      0.0014164306  0.54119030434800937E-01
    707.0000000000      0.0014144272  0.52899726093639805E-01
    708.0000000000      0.0014124294  0.51720396400575089E-01
    709.0000000000      0.0014104372  0.50579334709503529E-01
    710.0000000000      0.0014084507  0.49474920035759443E-01
    711.0000000000      0.0014064698  0.47988984878434900E-01
    712.0000000000      0.0014044944  0.46553414924378894E-01
    713.0000000000      0.0014025245  0.45166104887132137E-01
    714.0000000000      0.0014005602  0.43825053351201668E-01
    715.0000000000      0.0013986014  0.42528359259582420E-01
    716.0000000000      0.0013966480  0.41274213721631363E-01
    717.0000000000      0.0013947001  0.40060897498316123E-01
    718.0000000000      0.0013927577  0.38886775470271771E-01
    719.0000000000      0.0013908206  0.37750290306986331E-01
    720.0000000000      0.0013888889  0.36649960880232917E-01
    721.0000000000      0.0013869626  0.35592781507161192E-01
    722.0000000000      0.0013850416  0.34568365732496421E-01
    723.0000000000      0.0013831259  0.33575471582722539E-01
    724.0000000000      0.0013812155  0.32612914742679841E-01
    725.0000000000      0.0013793103  0.31679565209240444E-01
    726.0000000000      0.0013774105  0.30774344160831090E-01
    727.0000000000      0.0013755158  0.29896220890908005E-01
    728.0000000000      0.0013736264  0.29044211366129610E-01
    729.0000000000      0.0013717421  0.28217375780450957E-01
    730.0000000000      0.0013698630  0.27414812340650560E-01
    731.0000000000      0.0013679891  0.26641407453244073E-01
    732.0000000000      0.0013661202  0.25890168215707717E-01
    733.0000000000      0.0013642565  0.25160330146205025E-01
    734.0000000000      0.0013623978  0.24451161305942007E-01
    735.0000000000      0.0013605442  0.23761955975778730E-01
    736.0000000000      0.0013586957  0.23092041991304095E-01
    737.0000000000      0.0013568521  0.22440775058863670E-01
    738.0000000000      0.0013550136  0.21807531139209173E-01
    739.0000000000      0.0013531800  0.21191713005195161E-01
    740.0000000000      0.0013513514  0.20592753162935372E-01
    741.0000000000      0.0013495277  0.20260762158052236E-01
    742.0000000000      0.0013477089  0.19936672167390548E-01
    743.0000000000      0.0013458950  0.19620248719360831E-01
    744.0000000000      0.0013440860  0.19311258667532541E-01
    745.0000000000      0.0013422819  0.19009485218899433E-01
    746.0000000000      0.0013404826  0.18714715360739011E-01
    747.0000000000      0.0013386881  0.18426744896464356E-01
    748.0000000000      0.0013368984  0.18145376314364234E-01
    749.0000000000      0.0013351135  0.17870419853460870E-01
    750.0000000000      0.0013333333  0.17601690797912291E-01
    751.0000000000      0.0013315579  0.17124171085990490E-01
    752.0000000000      0.0013297872  0.16658793797572184E-01
    753.0000000000      0.0013280212  0.16205187760705828E-01
    754.0000000000      0.0013262599  0.15762996861958260E-01
    755.0000000000      0.0013245033  0.15331877145804541E-01
    756.0000000000      0.0013227513  0.14911497307219886E-01
    757.0000000000      0.0013210040  0.14501536067408977E-01
    758.0000000000      0.0013192612  0.14101684351750460E-01
    759.0000000000      0.0013175231  0.13711641422569086E-01
    760.0000000000      0.0013157895  0.13331118334303650E-01
    761.0000000000      0.0013140604  0.13146404225745990E-01
    762.0000000000      0.0013123360  0.12965595503010718E-01
    763.0000000000      0.0013106160  0.12788590320958131E-01
    764.0000000000      0.0013089005  0.12615285399933207E-01
    765.0000000000      0.0013071895  0.12445583848312231E-01
    766.0000000000      0.0013054830  0.12279387987924564E-01
    767.0000000000      0.0013037810  0.12116606625944524E-01
    768.0000000000      0.0013020833  0.11957151008744837E-01
    769.0000000000      0.0013003901  0.11800932606824842E-01
    770.0000000000      0.0012987013  0.11647867386587168E-01
    771.0000000000      0.0012970169  0.11334563848395337E-01
    772.0000000000      0.0012953368  0.11028377272595235E-01
    773.0000000000      0.0012936611  0.10729110118898971E-01
    774.0000000000      0.0012919897  0.10436570741691222E-01
    775.0000000000      0.0012903226  0.10150574372367093E-01
    776.0000000000      0.0012886598  0.98709410416359441E-02
    777.0000000000      0.0012870013  0.95974972122348998E-02
    778.0000000000      0.0012853470  0.93300747613396032E-02
    779.0000000000      0.0012836970  0.90685103889831392E-02
    780.0000000000      0.0012820513  0.88126465273649524E-02
    781.0000000000      0.0012804097  0.87080684715042708E-02
    782.0000000000      0.0012787724  0.86054308640821364E-02
    783.0000000000      0.0012771392  0.85046862482362085E-02
    784.0000000000      0.0012755102  0.84057879813104804E-02
    785.0000000000      0.0012738854  0.83086913640406691E-02
    786.0000000000      0.0012722646  0.82133524603816722E-02
    787.0000000000      0.0012706480  0.81197287661345565E-02
    788.0000000000      0.0012690355  0.80277789818847395E-02
    789.0000000000      0.0012674271  0.79374630258279202E-02
    790.0000000000      0.0012658228  0.78487416484276686E-02
    791.0000000000      0.0012642225  0.76337405004885204E-02
    792.0000000000      0.0012626263  0.74230052976021069E-02
    793.0000000000      0.0012610340  0.72164309128618124E-02
    794.0000000000      0.0012594458  0.70139153289722964E-02
    795.0000000000      0.0012578616  0.68153598162181252E-02
    796.0000000000      0.0012562814  0.66206687423375696E-02
    797.0000000000      0.0012547051  0.64297483728915526E-02
    798.0000000000      0.0012531328  0.62425083595518916E-02
    799.0000000000      0.0012515645  0.60588611450650160E-02
    800.0000000000      0.0012500000  0.58787208470389776E-02
    801.0000000000      0.0012484395  0.58180302784037272E-02
    802.0000000000      0.0012468828  0.57583225576046540E-02
    803.0000000000      0.0012453300  0.56995760832079419E-02
    804.0000000000      0.0012437811  0.56417690892740895E-02
    805.0000000000      0.0012422360  0.55848813227922650E-02
    806.0000000000      0.0012406948  0.55288927898664046E-02
    807.0000000000      0.0012391574  0.54737834799376021E-02
    808.0000000000      0.0012376238  0.54195345457855853E-02
    809.0000000000      0.0012360939  0.53661281291300066E-02
    810.0000000000      0.0012345679  0.53135453797978453E-02
    811.0000000000      0.0012330456  0.52623858310389725E-02
    812.0000000000      0.0012315271  0.52119960978136417E-02
    813.0000000000      0.0012300123  0.51623602291591044E-02
    814.0000000000      0.0012285012  0.51134627698549429E-02
    815.0000000000      0.0012269939  0.50652885961676502E-02
    816.0000000000      0.0012254902  0.50178230367757311E-02
    817.0000000000      0.0012239902  0.49710517038673635E-02
    818.0000000000      0.0012224939  0.49249606778235099E-02
    819.0000000000      0.0012210012  0.48795365640503015E-02
    820.0000000000      0.0012195122  0.48347660667083254E-02
    821.0000000000      0.0012180268  0.46950513491620426E-02
    822.0000000000      0.0012165450  0.45576876173900015E-02
    823.0000000000      0.0012150668  0.44226262355791324E-02
    824.0000000000      0.0012135922  0.42898205908780667E-02
    825.0000000000      0.0012121212  0.41592245179002197E-02
    826.0000000000      0.0012106538  0.40307927523614544E-02
    827.0000000000      0.0012091898  0.39044822587863148E-02
    828.0000000000      0.0012077295  0.37802503455673787E-02
    829.0000000000      0.0012062726  0.36580550617640621E-02
    830.0000000000      0.0012048193  0.35378565749461586E-02
    831.0000000000      0.0012033694  0.35071419505353770E-02
    832.0000000000      0.0012019231  0.34768438589727838E-02
    833.0000000000      0.0012004802  0.34469541375476915E-02
    834.0000000000      0.0011990408  0.34174662836484876E-02
    835.0000000000      0.0011976048  0.33883722667176208E-02
    836.0000000000      0.0011961722  0.33596654790788924E-02
    837.0000000000      0.0011947431  0.33313394097059437E-02
    838.0000000000      0.0011933174  0.33033866187049815E-02
    839.0000000000      0.0011918951  0.32758013833733019E-02
    840.0000000000      0.0011904762  0.32485773309977452E-02
    841.0000000000      0.0011890606  0.32217070723353511E-02
    842.0000000000      0.0011876485  0.31951858803257382E-02
    843.0000000000      0.0011862396  0.31690079524672333E-02
    844.0000000000      0.0011848341  0.31431668878427335E-02
    845.0000000000      0.0011834320  0.31176562752088643E-02
    846.0000000000      0.0011820331  0.30924720478699634E-02
    847.0000000000      0.0011806375  0.30676084269009082E-02
    848.0000000000      0.0011792453  0.30430603351667622E-02
    849.0000000000      0.0011778563  0.30188211811875906E-02
    850.0000000000      0.0011764706  0.29948875429996126E-02
    851.0000000000      0.0011750881  0.28970813566186987E-02
    852.0000000000      0.0011737089  0.28007283817471167E-02
    853.0000000000      0.0011723329  0.27058017172067175E-02
    854.0000000000      0.0011709602  0.26122778319660513E-02
    855.0000000000      0.0011695906  0.25201287650219052E-02
    856.0000000000      0.0011682243  0.24293314138963923E-02
    857.0000000000      0.0011668611  0.23398633241674088E-02
    858.0000000000      0.0011655012  0.22516993987778760E-02
    859.0000000000      0.0011641444  0.21648157705539033E-02
    860.0000000000      0.0011627907  0.20791906446711297E-02
    861.0000000000      0.0011614402  0.20635174353954987E-02
    862.0000000000      0.0011600928  0.20480328184574867E-02
    863.0000000000      0.0011587486  0.20327341915320945E-02
    864.0000000000      0.0011574074  0.20176206817875335E-02
    865.0000000000      0.0011560694  0.20026860670614489E-02
    866.0000000000      0.0011547344  0.19879315842220384E-02
    867.0000000000      0.0011534025  0.19733505858089764E-02
    868.0000000000      0.0011520737  0.19589428359492434E-02
    869.0000000000      0.0011507480  0.19447048109888527E-02
    870.0000000000      0.0011494253  0.19306343923587216E-02
    871.0000000000      0.0011481056  0.19167308337777731E-02
    872.0000000000      0.0011467890  0.19029877608259791E-02
    873.0000000000      0.0011454754  0.18894045542421512E-02
    874.0000000000      0.0011441648  0.18759802278802630E-02
    875.0000000000      0.0011428571  0.18627128323043117E-02
    876.0000000000      0.0011415525  0.18495961194050206E-02
    877.0000000000      0.0011402509  0.18366318900886677E-02
    878.0000000000      0.0011389522  0.18238154586743896E-02
    879.0000000000      0.0011376564  0.18111459896371048E-02
    880.0000000000      0.0011363636  0.17986211682078372E-02
    881.0000000000      0.0011350738  0.17267487306951738E-02
    882.0000000000      0.0011337868  0.16558282096116306E-02
    883.0000000000      0.0011325028  0.15858434800161943E-02
    884.0000000000      0.0011312217  0.15167793205306623E-02
    885.0000000000      0.0011299435  0.14486203377067470E-02
    886.0000000000      0.0011286682  0.13813517043687867E-02
    887.0000000000      0.0011273957  0.13149589329703639E-02
    888.0000000000      0.0011261261  0.12494283945266977E-02
    889.0000000000      0.0011248594  0.11847458672287012E-02
    890.0000000000      0.0011235955  0.11208972049306734E-02
    891.0000000000      0.0011223345  0.11135146949079881E-02
    892.0000000000      0.0011210762  0.11062134209665845E-02
    893.0000000000      0.0011198208  0.10989921288668486E-02
    894.0000000000      0.0011185682  0.10918497120927569E-02
    895.0000000000      0.0011173184  0.10847845776829096E-02
    896.0000000000      0.0011160714  0.10777961101070608E-02
    897.0000000000      0.0011148272  0.10708829532590153E-02
    898.0000000000      0.0011135857  0.10640442632930999E-02
    899.0000000000      0.0011123471  0.10572788195430480E-02
    900.0000000000      0.0011111111  0.10505855799288579E-02
    901.0000000000      0.0011098779  0.10439636288613846E-02
    902.0000000000      0.0011086475  0.10374119175232373E-02
    903.0000000000      0.0011074197  0.10309294534403281E-02
    904.0000000000      0.0011061947  0.10245152759394769E-02
    905.0000000000      0.0011049724  0.10181683911641513E-02
    906.0000000000      0.0011037528  0.10118879416152020E-02
    907.0000000000      0.0011025358  0.10056727818736045E-02
    908.0000000000      0.0011013216  0.99952227624329135E-03
    909.0000000000      0.0011001100  0.99343541019227943E-03
    910.0000000000      0.0010989011  0.98741122469845006E-03
    911.0000000000      0.0010976948  0.98144898430612012E-03
    912.0000000000      0.0010964912  0.97554768860919105E-03
    913.0000000000      0.0010952903  0.96970651186600431E-03
    914.0000000000      0.0010940919  0.96392467064351729E-03
    915.0000000000      0.0010928962  0.95820141618517898E-03
    916.0000000000      0.0010917031  0.95253580828038372E-03
    917.0000000000      0.0010905125  0.94692700874201533E-03
    918.0000000000      0.0010893246  0.94137426698000042E-03
    919.0000000000      0.0010881393  0.93587727869550829E-03
    920.0000000000      0.0010869565  0.93043433818243372E-03
    921.0000000000      0.0010857763  0.92504577643777236E-03
    922.0000000000      0.0010845987  0.91970991541418857E-03
    923.0000000000      0.0010834236  0.91442655158395839E-03
    924.0000000000      0.0010822511  0.90919469395078193E-03
    925.0000000000      0.0010810811  0.90401396539730784E-03
    926.0000000000      0.0010799136  0.89888372591521450E-03
    927.0000000000      0.0010787487  0.89380276280296681E-03
    928.0000000000      0.0010775862  0.88877053164597365E-03
    929.0000000000      0.0010764263  0.88378711292675456E-03
    930.0000000000      0.0010752688  0.87885133079313349E-03
    931.0000000000      0.0010741139  0.83032874865036660E-03
    932.0000000000      0.0010729614  0.78232897330532316E-03
    933.0000000000      0.0010718114  0.73484409056651058E-03
    934.0000000000      0.0010706638  0.68786796041096863E-03
    935.0000000000      0.0010695187  0.64139289015647627E-03
    936.0000000000      0.0010683761  0.59541212809374007E-03
    937.0000000000      0.0010672359  0.54991785150947570E-03
    938.0000000000      0.0010660981  0.50490498170389724E-03
    939.0000000000      0.0010649627  0.46036679663902057E-03
    940.0000000000      0.0010638298  0.41629640826639462E-03
    941.0000000000      0.0010626993  0.41408869964258785E-03
    942.0000000000      0.0010615711  0.41190093558898035E-03
    943.0000000000      0.0010604454  0.40973317541401135E-03
    944.0000000000      0.0010593220  0.40758389212358750E-03
    945.0000000000      0.0010582011  0.40545391245604752E-03
    946.0000000000      0.0010570825  0.40334306004239154E-03
    947.0000000000      0.0010559662  0.40125130610515472E-03
    948.0000000000      0.0010548523  0.39917689718274010E-03
    949.0000000000      0.0010537408  0.39712104967553718E-03
    950.0000000000      0.0010526316  0.39508286622315830E-03
    951.0000000000      0.0010515247  0.39306289448329495E-03
    952.0000000000      0.0010504202  0.39106028872872814E-03
    953.0000000000      0.0010493179  0.38907488655302977E-03
    954.0000000000      0.0010482180  0.38710630861018083E-03
    955.0000000000      0.0010471204  0.38515500650512904E-03
    956.0000000000      0.0010460251  0.38321997644355965E-03
    957.0000000000      0.0010449321  0.38130135616156607E-03
    958.0000000000      0.0010438413  0.37939898818729152E-03
    959.0000000000      0.0010427529  0.37751289539841328E-03
    960.0000000000      0.0010416667  0.37564252687186480E-03
    961.0000000000      0.0010405827  0.37378777709066080E-03
    962.0000000000      0.0010395010  0.37194855077126137E-03
    963.0000000000      0.0010384216  0.37012450727634663E-03
    964.0000000000      0.0010373444  0.36831570343172219E-03
    965.0000000000      0.0010362694  0.36652177283181717E-03
    966.0000000000      0.0010351967  0.36474261206782745E-03
    967.0000000000      0.0010341262  0.36297806580303031E-03
    968.0000000000      0.0010330579  0.36122791646575625E-03
    969.0000000000      0.0010319917  0.35949203101484449E-03
    970.0000000000      0.0010309278  0.35777022495315310E-03
    971.0000000000      0.0010298661  0.35607818423362409E-03
    972.0000000000      0.0010288066  0.35439960815835840E-03
    973.0000000000      0.0010277492  0.35273405826324042E-03
    974.0000000000      0.0010266940  0.35108212823873101E-03
    975.0000000000      0.0010256410  0.34944273384704270E-03
    976.0000000000      0.0010245902  0.34781631122370184E-03
    977.0000000000      0.0010235415  0.34620270660214869E-03
    978.0000000000      0.0010224949  0.34460172712769610E-03
    979.0000000000      0.0010214505  0.34301314893838081E-03
    980.0000000000      0.0010204082  0.34143660537999670E-03
    981.0000000000      0.0010193680  0.33987262855588807E-03
    982.0000000000      0.0010183299  0.33832056522972801E-03
    983.0000000000      0.0010172940  0.33678003483750908E-03
    984.0000000000      0.0010162602  0.33525160870949124E-03
    985.0000000000      0.0010152284  0.33373521424216707E-03
    986.0000000000      0.0010141988  0.33222978661990845E-03
    987.0000000000      0.0010131712  0.33073652701016905E-03
    988.0000000000      0.0010121457  0.32925377989837467E-03
    989.0000000000      0.0010111223  0.32778259138088809E-03
    990.0000000000      0.0010101010  0.32632264454176245E-03
    991.0000000000      0.0010090817  0.32487338352328067E-03
    992.0000000000      0.0010080645  0.32343493566678569E-03
    993.0000000000      0.0010070493  0.32200677195523292E-03
    994.0000000000      0.0010060362  0.32059048265617760E-03
    995.0000000000      0.0010050251  0.31918479139696448E-03
    996.0000000000      0.0010040161  0.31778845269868995E-03
    997.0000000000      0.0010030090  0.31640274525695009E-03
    998.0000000000      0.0010020040  0.31502704592465883E-03
    999.0000000000      0.0010010010  0.31366201641035087E-03
   1000.0000000000      0.0010000000  0.31230656309894837E-03
   1001.0000000000      0.0009990010  0.27986959881200213E-03
   1002.0000000000      0.0009980040  0.24770801405598199E-03
   1003.0000000000      0.0009970090  0.21582111134117954E-03
   1004.0000000000      0.0009960159  0.18420131966824247E-03
   1005.0000000000      0.0009950249  0.15285134337427402E-03
   1006.0000000000      0.0009940358  0.12176358824839133E-03
   1007.0000000000      0.0009930487  0.90937317534281801E-04
   1008.0000000000      0.0009920635  0.60371087781314656E-04
   1009.0000000000      0.0009910803  0.30058925161218647E-04
   1010.0000000000      0.0009900990 -0.25757332664042964E-09
   1011.0000000000      0.0009891197  0.44179979999099759E-09
   1012.0000000000      0.0009881423  0.71021720623976829E-09
   1013.0000000000      0.0009871668 -0.28691384592596444E-09
   1014.0000000000      0.0009861933  0.88988955039472767E-10
   1015.0000000000      0.0009852217 -0.71716504127438893E-10
   1016.0000000000      0.0009842520 -0.23986245718051087E-09
   1017.0000000000      0.0009832842  0.44223853030121718E-09
   1018.0000000000      0.0009823183 -0.69419903113150487E-09
   1019.0000000000      0.0009813543  0.38873410564198123E-09
   1020.0000000000      0.0009803922 -0.10416646570917537E-09
   1021.0000000000      0.0009794319  0.26359789730753119E-10
   1022.0000000000      0.0009784736  0.10804543116313750E-09
   1023.0000000000      0.0009775171  0.34597481772384066E-09
   1024.0000000000      0.0009765625 -0.12928076033205498E-09
   1025.0000000000      0.0009756098 -0.50502543469323376E-09
   1026.0000000000      0.0009746589  0.41606291529454678E-09
   1027.0000000000      0.0009737098  0.40949085791598845E-09
   1028.0000000000      0.0009727626  0.40267099008471641E-11
   1029.0000000000      0.0009718173 -0.15557263279269290E-09
   1030.0000000000      0.0009708738 -0.40426218411238404E-09
   1031.0000000000      0.0009699321 -0.55129482755137196E-09
   1032.0000000000      0.0009689922 -0.14102195924686409E-09
   1033.0000000000      0.0009680542 -0.46972218980092031E-09
   1034.0000000000      0.0009671180  0.36868526786214273E-10
   1035.0000000000      0.0009661836 -0.75183147413889623E-10
   1036.0000000000      0.0009652510 -0.81624817473667510E-10
   1037.0000000000      0.0009643202 -0.93965438739424673E-09
   1038.0000000000      0.0009633911 -0.50945159776969590E-09
   1039.0000000000      0.0009624639  0.69142876434101844E-09
   1040.0000000000      0.0009615385 -0.12413929525176629E-09
   1041.0000000000      0.0009606148 -0.25575954570346282E-09
   1042.0000000000      0.0009596929  0.13491628728925717E-09
   1043.0000000000      0.0009587728 -0.27225482724388753E-09
   1044.0000000000      0.0009578544  0.22750437037727389E-09
   1045.0000000000      0.0009569378 -0.79477770122560881E-10
   1046.0000000000      0.0009560229 -0.18310387928099914E-09
   1047.0000000000      0.0009551098  0.11938068963284268E-09
   1048.0000000000      0.0009541985 -0.31218485099532983E-10
   1049.0000000000      0.0009532888  0.31973683585744678E-09
   1050.0000000000      0.0009523810 -0.97113411442247694E-10
   1051.0000000000      0.0009514748  0.28679583079053994E-09
   1052.0000000000      0.0009505703 -0.16561032054182231E-09
   1053.0000000000      0.0009496676  0.14189940612504073E-09
   1054.0000000000      0.0009487666 -0.44197999806479954E-10
   1055.0000000000      0.0009478673  0.18205193087631258E-09
   1056.0000000000      0.0009469697 -0.15478347889421457E-09
   1057.0000000000      0.0009460738  0.51170702386731798E-10
   1058.0000000000      0.0009451796  0.23688753909845151E-09
   1059.0000000000      0.0009442871  0.49323436177375890E-10
   1060.0000000000      0.0009433962  0.14373103878959070E-09
   1061.0000000000      0.0009425071 -0.74755506147307360E-10
   1062.0000000000      0.0009416196  0.40895979094499046E-10
   1063.0000000000      0.0009407338  0.10676944061944332E-09
   1064.0000000000      0.0009398496 -0.10055043581612411E-09
   1065.0000000000      0.0009389671  0.91554365434440288E-10
   1066.0000000000      0.0009380863 -0.71590753832929954E-10
   1067.0000000000      0.0009372071 -0.29112449397798029E-09
   1068.0000000000      0.0009363296  0.40897206845039169E-10
   1069.0000000000      0.0009354537  0.37049663467389471E-11
   1070.0000000000      0.0009345794  0.11060456446120720E-09
   1071.0000000000      0.0009337068 -0.99438189887085526E-10
   1072.0000000000      0.0009328358  0.72305222790017276E-11
   1073.0000000000      0.0009319664 -0.50338723207171698E-10
   1074.0000000000      0.0009310987 -0.28336952142410388E-10
   1075.0000000000      0.0009302326 -0.22955763592097389E-10
   1076.0000000000      0.0009293680 -0.90239465964751797E-10
   1077.0000000000      0.0009285051 -0.25952685421722077E-10
   1078.0000000000      0.0009276438 -0.36443663299808027E-10
   1079.0000000000      0.0009267841 -0.10212628160678749E-09
   1080.0000000000      0.0009259259 -0.14349218872573150E-09
   1081.0000000000      0.0009250694 -0.95110241622557712E-10
   1082.0000000000      0.0009242144  0.26609186100194637E-10
   1083.0000000000      0.0009233610  0.15812429490780211E-10
   1084.0000000000      0.0009225092 -0.47104114228938010E-10
   1085.0000000000      0.0009216590 -0.17814774178406823E-10
   1086.0000000000      0.0009208103 -0.86160375709076753E-11
   1087.0000000000      0.0009199632  0.84993448910830605E-11
   1088.0000000000      0.0009191176  0.91906980073316880E-11
   1089.0000000000      0.0009182736 -0.64142651693549491E-11
   1090.0000000000      0.0009174312 -0.63292689232025134E-11
   1091.0000000000      0.0009165903 -0.17171585876309126E-10
   1092.0000000000      0.0009157509  0.13834513721243391E-10
   1093.0000000000      0.0009149131  0.74415359941834569E-11
   1094.0000000000      0.0009140768 -0.34463474825677243E-11
   1095.0000000000      0.0009132420 -0.65256892337745009E-10
   1096.0000000000      0.0009124088 -0.11759181356516685E-09
   1097.0000000000      0.0009115770  0.19152273517120122E-10
   1098.0000000000      0.0009107468 -0.81480006118919701E-11
   1099.0000000000      0.0009099181  0.39386395620649717E-10
   1100.0000000000      0.0009090909  0.64209814765528450E-11
   1101.0000000000      0.0009082652  0.81045230856252592E-10
   1102.0000000000      0.0009074410  0.36392663405396264E-10
   1103.0000000000      0.0009066183 -0.16043912953820488E-09
   1104.0000000000      0.0009057971 -0.77267966330785143E-11
   1105.0000000000      0.0009049774  0.63268611270178576E-10
   1106.0000000000      0.0009041591 -0.10155225391075134E-09
   1107.0000000000      0.0009033424  0.21444499171199838E-10
   1108.0000000000      0.0009025271 -0.13974926337673166E-09
   1109.0000000000      0.0009017133 -0.93065267948652663E-11
   1110.0000000000      0.0009009009  0.12883129892754530E-09
   1111.0000000000      0.0009000900 -0.16733748544814353E-09
   1112.0000000000      0.0008992806  0.10782001756259180E-09
   1113.0000000000      0.0008984726  0.35068786654983419E-09
   1114.0000000000      0.0008976661  0.37972297485186490E-09
   1115.0000000000      0.0008968610 -0.24332378017848100E-10
   1116.0000000000      0.0008960573  0.51755794094887619E-10
   1117.0000000000      0.0008952551 -0.80784145648979400E-11
   1118.0000000000      0.0008944544  0.16714084651904548E-10
   1119.0000000000      0.0008936550  0.81480164629277319E-10
   1120.0000000000      0.0008928571  0.38669856520460316E-09
   1121.0000000000      0.0008920607  0.40417664766249917E-09
   1122.0000000000      0.0008912656 -0.96429039937468569E-10
   1123.0000000000      0.0008904720  0.10136719458611609E-09
   1124.0000000000      0.0008896797 -0.68631613630090738E-10
   1125.0000000000      0.0008888889 -0.27778287314686803E-09
   1126.0000000000      0.0008880995 -0.40789610567231599E-10
   1127.0000000000      0.0008873114 -0.56230505278073717E-11
