206.64	1.02	2.77
208.38	1.06	2.8
210.14	1.11	2.83
211.94	1.16	2.86
213.77	1.21	2.87
215.63	1.26	2.87
217.52	1.31	2.87
219.44	1.34	2.86
221.4	1.36	2.85
223.4	1.37	2.84
225.43	1.38	2.84
227.5	1.38	2.85
229.6	1.38	2.85
231.75	1.38	2.87
233.93	1.37	2.9
236.16	1.37	2.93
238.43	1.36	2.97
240.75	1.37	3.02
243.11	1.37	3.07
245.52	1.38	3.13
247.97	1.39	3.2
250.48	1.41	3.27
253.03	1.44	3.34
255.64	1.46	3.42
258.3	1.5		3.51
261.02	1.54	3.6
263.8	1.59	3.71
266.63	1.64	3.83
269.53	1.72	3.96
272.49	1.81	4.12
275.52	1.95	4.3
278.62	2.2		4.51
281.78	2.52	4.67
285.02	2.94	4.64
288.34	3.34	4.51
291.73	3.59	4.27
295.2	3.75	4.01
298.76	3.83	3.8
302.4	3.87	3.61
306.14	3.89	3.46
309.96	3.91	3.34
313.89	3.91	3.23
317.91	3.92	3.14
322.04	3.93	3.06
326.28	3.94	2.99
330.63	3.95	2.92
335.1	3.96	2.86
339.69	3.97	2.81
344.4	3.99	2.76
349.25	4		2.71
354.24	4.02	2.67
359.38	4.04	2.62
364.66	4.07	2.58
370.11	4.1		2.53
375.71	4.13	2.47
381.49	4.15	2.41
387.45	4.16	2.34
393.6	4.15	2.27
399.95	4.14	2.22
406.51	4.11	2.17
413.28	4.08	2.15
420.29	4.06	2.14
427.54	4.04	2.14
435.04	4.03	2.16
442.8	4.04	2.18
450.86	4.05	2.21
459.2	4.08	2.24
467.87	4.12	2.27
476.87	4.18	2.31
486.22	4.25	2.35
495.94	4.34	2.38
506.06	4.46	2.43
516.6	4.61	2.46
527.6	4.84	2.41
539.07	5.06	2.32
551.05	5.17	2.2
563.57	5.28	2.05
576.68	5.54	1.87
590.41	5.75	1.63
604.81	5.72	1.28
619.93	5.59	0.93
635.82	5.45	0.75
652.55	5.29	0.64
670.19	5.17	0.56
688.81	5.07	0.5
708.49	4.98	0.45
729.32	4.9		0.4
751.43	4.83	0.37
774.91	4.76	0.35
799.9	4.71	0.32
826.57	4.65	0.3
855.07	4.6		0.24
885.61	4.56	0.19
918.41	4.53	0.17
953.73	4.5		0.17
991.88	4.46	0.14
1033.21	4.42	0.12
1078.13	4.4		0.11
1127.14	4.39	0.1
1180.81	4.36	0.09
1239.85	4.33	0.08
1305.11	4.3		0.08
1377.61	4.29	0.07
1458.65	4.28	0.04
1549.81	4.28	0.01
1653.14	4.23	0
1771.22	4.18	0
1907.46	4.13	0
2066.42	4.1		0
2254.28	4.09	0
2479.7	4.07	0

