310.   3.313   1.799
311.   3.298744681   1.790914894
312.   3.284489362   1.782829787
313.   3.270234043   1.774744681
314.   3.255978723   1.766659575
315.   3.2424375   1.7593125
316.   3.2305625   1.7536875
317.   3.2186875   1.7480625
318.   3.207   1.74266
319.   3.197   1.73926
320.   3.187   1.73586
321.   3.177   1.73246
322.   3.167   1.72906
323.   3.157147059   1.725794118
324.   3.148617647   1.723735294
325.   3.140088235   1.721676471
326.   3.131558823   1.719617647
327.   3.123884615   1.718326923
328.   3.116576923   1.717365385
329.   3.109269231   1.716403846
330.   3.101961539   1.715442308
331.   3.094653846   1.714480769
332.   3.087944444   1.714138889
333.   3.081833333   1.714416667
334.   3.075722222   1.714694444
335.   3.069611111   1.714972222
336.   3.064909091   1.715981818
337.   3.060363636   1.717072727
338.   3.055818182   1.718163636
339.   3.051272727   1.719254546
340.   3.046727273   1.720345455
341.   3.042526316   1.721736842
342.   3.038842105   1.723578947
343.   3.035157895   1.725421053
344.   3.031473684   1.727263158
345.   3.028448276   1.729448276
346.   3.025862069   1.731862069
347.   3.023275862   1.734275862
348.   3.020689655   1.736689655
349.   3.018103448   1.739103448
350.   3.015517241   1.741517241
351.   3.0136   1.7444
352.   3.01185   1.7474
353.   3.0101   1.7504
354.   3.00835   1.7534
355.   3.007354839   1.756580645
356.   3.006548387   1.759806452
357.   3.005741935   1.763032258
358.   3.004935484   1.766258065
359.   3.004129032   1.769483871
360.   3.003322581   1.772709677
361.   3.003139535   1.776232558
362.   3.003372093   1.779953488
363.   3.003604651   1.783674419
364.   3.003837209   1.787395349
365.   3.004276923   1.791246154
366.   3.0052   1.7954
367.   3.006123077   1.799553846
368.   3.007046154   1.803707692
369.   3.007969231   1.807861538
370.   3.008892308   1.812015385
371.   3.009815385   1.816169231
372.   3.011422222   1.820377778
373.   3.0132   1.8246
374.   3.014977778   1.828822222
375.   3.016755556   1.833044444
376.   3.018728571   1.837371429
377.   3.021157143   1.841942857
378.   3.023585714   1.846514286
379.   3.026014286   1.851085714
380.   3.028442857   1.855657143
381.   3.030871429   1.860228571
382.   3.0333   1.8648
383.   3.036   1.8694375
384.   3.039333333   1.874229167
385.   3.042666667   1.879020833
386.   3.046   1.8838125
387.   3.049333333   1.888604167
388.   3.053162162   1.893567568
389.   3.057486487   1.898702703
390.   3.061810811   1.903837838
391.   3.066135135   1.908972973
392.   3.07045946   1.914108108
393.   3.074783784   1.919243243
394.   3.079108108   1.924378378
395.   3.083490196   1.92954902
396.   3.088392157   1.935039216
397.   3.093294118   1.940529412
398.   3.098196078   1.946019608
399.   3.103098039   1.951509804
400.   3.108   1.957
401.   3.114282051   1.962641026
402.   3.120564103   1.968282051
403.   3.126846154   1.973923077
404.   3.133128205   1.979564103
405.   3.139410256   1.985205128
406.   3.145692308   1.990846154
407.   3.151974359   1.99648718
408.   3.158454545   2.0022
409.   3.165727273   2.0082
410.   3.173   2.0142
411.   3.180272727   2.0202
412.   3.187545455   2.0262
413.   3.194818182   2.0322
414.   3.20275   2.03825
415.   3.210964286   2.044321429
416.   3.219178571   2.050392857
417.   3.227714286   2.056785714
418.   3.236285714   2.063214286
419.   3.245   2.069678571
420.   3.255   2.076464286
421.   3.265   2.08325
422.   3.275103448   2.090068966
423.   3.285448276   2.096965517
424.   3.295793103   2.103862069
425.   3.306827586   2.110896552
426.   3.318896552   2.118137931
427.   3.330965517   2.12537931
428.   3.343666667   2.132666667
429.   3.357   2.14
430.   3.370333333   2.147333333
431.   3.385   2.154833333
432.   3.401   2.1625
433.   3.417   2.170166667
434.   3.434193548   2.177225806
435.   3.452580645   2.183677419
436.   3.470967742   2.190129032
437.   3.490774194   2.195677419
438.   3.512709677   2.199870968
439.   3.534645161   2.204064516
440.   3.557354839   2.207096774
441.   3.581870968   2.207419355
442.   3.606387097   2.207741936
443.   3.6309375   2.2068125
444.   3.655625   2.200875
445.   3.6803125   2.1949375
446.   3.705   2.189
447.   3.7271875   2.17775
448.   3.749375   2.1665
449.   3.7715625   2.15525
450.   3.790060606   2.142090909
451.   3.807636364   2.128454546
452.   3.825212121   2.114818182
453.   3.840666667   2.100727273
454.   3.854   2.086181818
455.   3.867333333   2.071636364
456.   3.879941176   2.057411765
457.   3.889647059   2.044470588
458.   3.899352941   2.031529412
459.   3.909058824   2.018588235
460.   3.916647059   2.006823529
461.   3.923705882   1.995352941
462.   3.930764706   1.983882353
463.   3.9374   1.973114286
464.   3.9434   1.9634
465.   3.9494   1.953685714
466.   3.9554   1.943971429
467.   3.961142857   1.936314286
468.   3.966857143   1.928885714
469.   3.972571429   1.921457143
470.   3.978222222   1.914888889
471.   3.983777778   1.909611111
472.   3.989333333   1.904333333
473.   3.994888889   1.899055556
474.   4.001405405   1.895189189
475.   4.008162162   1.891675676
476.   4.014918919   1.888162162
477.   4.021837838   1.884891892
478.   4.030216216   1.883810811
479.   4.038594595   1.88272973
480.   4.046972973   1.881648649
481.   4.056972973   1.881108108
482.   4.069405405   1.881378378
483.   4.081837838   1.881648649
484.   4.09427027   1.881918919
485.   4.110894737   1.881447368
486.   4.12931579   1.880657895
487.   4.147736842   1.879868421
488.   4.166157895   1.879078947
489.   4.190384615   1.873461538
490.   4.21525641   1.867307692
491.   4.240128205   1.861153846
492.   4.265   1.855
493.   4.290384615   1.837307692
494.   4.315769231   1.819615385
495.   4.341153846   1.801923077
496.   4.365825   1.7835
497.   4.384075   1.7585
498.   4.402325   1.7335
499.   4.420575   1.7085
500.   4.437951219   1.683292683
501.   4.447463415   1.656219512
502.   4.45697561   1.629146342
503.   4.466487805   1.602073171
504.   4.476   1.575
505.   4.479170732   1.548414634
506.   4.482341463   1.521829268
507.   4.485512195   1.495243902
508.   4.488682927   1.468658537
509.   4.487928571   1.445
510.   4.486738095   1.421666667
511.   4.485547619   1.398333333
512.   4.484357143   1.375
513.   4.481069767   1.354162791
514.   4.476883721   1.334395349
515.   4.472697674   1.314627907
516.   4.468511628   1.294860465
517.   4.463860465   1.276116279
518.   4.458511628   1.258906977
519.   4.453162791   1.241697674
520.   4.447813954   1.224488372
521.   4.442422222   1.207555556
522.   4.436644444   1.193111111
523.   4.430866667   1.178666667
524.   4.425088889   1.164222222
525.   4.419311111   1.149777778
526.   4.413266667   1.136266667
527.   4.407044444   1.123377778
528.   4.400822222   1.110488889
529.   4.3946   1.0976
530.   4.388355556   1.084866667
531.   4.381911111   1.073533333
532.   4.375466667   1.0622
533.   4.369022222   1.050866667
534.   4.362577778   1.039533333
535.   4.356297872   1.029382979
536.   4.35012766   1.020021277
537.   4.343957447   1.010659574
538.   4.337787234   1.001297872
539.   4.331617021   0.9919361702
540.   4.325638298   0.9833404255
541.   4.319680851   0.9748297872
542.   4.313723404   0.9663191489
543.   4.307765957   0.9578085106
544.   4.301875   0.9494583333
545.   4.29625   0.94175
546.   4.290625   0.9340416667
547.   4.285   0.9263333333
548.   4.279375   0.918625
549.   4.273795918   0.9112244898
550.   4.268285714   0.9042857143
551.   4.26277551   0.8973469388
552.   4.257265306   0.8904081633
553.   4.251755102   0.8834693878
554.   4.2465   0.877
555.   4.2415   0.871
556.   4.2365   0.865
557.   4.2315   0.859
558.   4.2265   0.853
559.   4.22154902   0.847254902
560.   4.216647059   0.8417647059
561.   4.211745098   0.8362745098
562.   4.206843137   0.8307843137
563.   4.201941177   0.8252941176
564.   4.197196078   0.8198039216
565.   4.192686275   0.8143137255
566.   4.188176471   0.8088235294
567.   4.183666667   0.8033333333
568.   4.179156863   0.7978431373
569.   4.174698113   0.7926981132
570.   4.170358491   0.7883584906
571.   4.166018868   0.7840188679
572.   4.161679245   0.7796792453
573.   4.157339623   0.7753396226
574.   4.153   0.771
575.   4.148925926   0.7671111111
576.   4.144851852   0.7632222222
577.   4.140777778   0.7593333333
578.   4.136703704   0.7554444444
579.   4.13262963   0.7515555556
580.   4.128555556   0.7477777778
581.   4.124481482   0.7440740741
582.   4.120407407   0.7403703704
583.   4.116333333   0.7366666667
584.   4.112259259   0.732962963
585.   4.10825   0.7293571429
586.   4.1045   0.7261428571
587.   4.10075   0.7229285714
588.   4.097   0.7197142857
589.   4.09325   0.7165
590.   4.0895   0.7132857143
591.   4.085894737   0.7101052632
592.   4.082385965   0.7069473684
593.   4.078877193   0.7037894737
594.   4.075368421   0.7006315789
595.   4.071859649   0.6974736842
596.   4.068350877   0.6943157895
597.   4.065206897   0.691362069
598.   4.062103448   0.6884310345
599.   4.059   0.6855
600.   4.055896552   0.6825689655
601.   4.052793103   0.679637931
602.   4.049677966   0.6767288136
603.   4.046457627   0.6740169492
604.   4.043237288   0.6713050847
605.   4.040016949   0.6685932203
606.   4.03679661   0.6658813559
607.   4.033576271   0.6631694915
608.   4.030366667   0.6605666667
609.   4.0272   0.6584
610.   4.024033333   0.6562333333
611.   4.020866667   0.6540666667
612.   4.0177   0.6519
613.   4.014533333   0.6497333333
614.   4.011442623   0.6475409836
615.   4.008655738   0.6452459016
616.   4.005868852   0.6429508197
617.   4.003081967   0.6406557377
618.   4.000295082   0.6383606557
619.   3.997508197   0.6360655738
620.   3.994746032   0.6337619048
621.   3.992206349   0.6313809524
622.   3.989666667   0.629
623.   3.987126984   0.6266190476
624.   3.984587302   0.6242380952
625.   3.982047619   0.6218571429
626.   3.979507937   0.6194761905
627.   3.976875   0.617375
628.   3.97421875   0.61534375
629.   3.9715625   0.6133125
630.   3.96890625   0.61128125
631.   3.96625   0.60925
632.   3.96359375   0.60721875
633.   3.961076923   0.6052615385
634.   3.958769231   0.6034153846
635.   3.956461539   0.6015692308
636.   3.954153846   0.5997230769
637.   3.951846154   0.5978769231
638.   3.949538461   0.5960307692
639.   3.947230769   0.5941846154
640.   3.944985075   0.5923880597
641.   3.942746269   0.5905970149
642.   3.940507463   0.5888059701
643.   3.938268657   0.5870149254
644.   3.936029851   0.5852238806
645.   3.933791045   0.5834328358
646.   3.931558823   0.5817058824
647.   3.929352941   0.5802352941
648.   3.927147059   0.5787647059
649.   3.924941177   0.5772941176
650.   3.922735294   0.5758235294
651.   3.920529412   0.5743529412
652.   3.918323529   0.5728823529
653.   3.916130435   0.5715362319
654.   3.913956522   0.5703768116
655.   3.911782609   0.5692173913
656.   3.909608696   0.568057971
657.   3.907434783   0.5668985507
658.   3.90526087   0.5657391304
659.   3.903086957   0.5645797101
660.   3.901084507   0.5632957746
661.   3.899253521   0.5618873239
662.   3.897422535   0.5604788732
663.   3.895591549   0.5590704225
664.   3.893760563   0.5576619718
665.   3.891929578   0.5562535211
666.   3.890098591   0.5548450704
667.   3.888222222   0.5536111111
668.   3.886277778   0.5526388889
669.   3.884333333   0.5516666667
670.   3.882388889   0.5506944444
671.   3.880444444   0.5497222222
672.   3.8785   0.54875
673.   3.876555556   0.5477777778
674.   3.874648649   0.5467837838
675.   3.872891892   0.5457027027
676.   3.871135135   0.5446216216
677.   3.869378378   0.5435405405
678.   3.867621622   0.5424594595
679.   3.865864865   0.5413783784
680.   3.864108108   0.5402972973
681.   3.862351351   0.5392162162
682.   3.860842105   0.5380526316
683.   3.859394737   0.5368684211
684.   3.857947368   0.5356842105
685.   3.8565   0.5345
686.   3.855052632   0.5333157895
687.   3.853605263   0.5321315789
688.   3.852157895   0.5309473684
689.   3.850688312   0.5298181818
690.   3.84912987   0.5289090909
691.   3.847571429   0.528
692.   3.846012987   0.5270909091
693.   3.844454546   0.5261818182
694.   3.842896104   0.5252727273
695.   3.841337662   0.5243636364
696.   3.839779221   0.5234545455
697.   3.8383125   0.5225
698.   3.8369375   0.5215
699.   3.8355625   0.5205
700.   3.8341875   0.5195
701.   3.8328125   0.5185
702.   3.8314375   0.5175
703.   3.8300625   0.5165
704.   3.8286875   0.5155
705.   3.827320988   0.5145679012
706.   3.825962963   0.5137037037
707.   3.824604938   0.5128395062
708.   3.823246914   0.5119753086
709.   3.821888889   0.5111111111
710.   3.820530864   0.5102469136
711.   3.81917284   0.509382716
712.   3.817814815   0.5085185185
713.   3.816512195   0.5076097561
714.   3.815292683   0.5066341463
715.   3.814073171   0.5056585366
716.   3.812853658   0.5046829268
717.   3.811634146   0.5037073171
718.   3.810414634   0.5027317073
719.   3.809195122   0.5017560976
720.   3.80797561   0.5007804878
721.   3.806788235   0.4998352941
722.   3.805729412   0.4990117647
723.   3.804670588   0.4981882353
724.   3.803611765   0.4973647059
725.   3.802552941   0.4965411765
726.   3.801494118   0.4957176471
727.   3.800435294   0.4948941176
728.   3.799376471   0.4940705882
729.   3.798317647   0.4932470588
730.   3.797195402   0.4924367816
731.   3.796045977   0.4916321839
732.   3.794896552   0.4908275862
733.   3.793747126   0.4900229885
734.   3.792597701   0.4892183908
735.   3.791448276   0.4884137931
736.   3.790298851   0.4876091954
737.   3.789149425   0.4868045977
738.   3.788   0.486
739.   3.787101124   0.4851011236
740.   3.786202247   0.4842022472
741.   3.785303371   0.4833033708
742.   3.784404494   0.4824044944
743.   3.783505618   0.481505618
744.   3.782606742   0.4806067416
745.   3.781707865   0.4797078652
746.   3.780808989   0.4788089888
747.   3.77989011   0.477967033
748.   3.778791209   0.4776373626
749.   3.777692308   0.4773076923
750.   3.776593407   0.476978022
751.   3.775494505   0.4766483516
752.   3.774395604   0.4763186813
753.   3.773296703   0.475989011
754.   3.772197802   0.4756593407
755.   3.771098901   0.4753296703
756.   3.77   0.475
757.   3.769032258   0.4747849462
758.   3.768064516   0.4745698925
759.   3.767096774   0.4743548387
760.   3.766129032   0.4741397849
761.   3.76516129   0.4739247312
762.   3.764193548   0.4737096774
763.   3.763225807   0.4734946237
764.   3.762258065   0.4732795699
765.   3.761290323   0.4730645161
766.   3.7605625   0.4722708333
767.   3.7599375   0.4712291667
768.   3.7593125   0.4701875
769.   3.7586875   0.4691458333
770.   3.7580625   0.4681041667
771.   3.7574375   0.4670625
772.   3.7568125   0.4660208333
773.   3.7561875   0.4649791667
774.   3.7555625   0.4639375
775.   3.754908163   0.4629387755
776.   3.753989796   0.4623265306
777.   3.753071429   0.4617142857
778.   3.752153061   0.4611020408
779.   3.751234694   0.4604897959
780.   3.750316326   0.459877551
781.   3.749397959   0.4592653061
782.   3.748479592   0.4586530612
783.   3.747561224   0.4580408163
784.   3.746642857   0.4574285714
785.   3.745673267   0.457029703
786.   3.744584158   0.4571287129
787.   3.743495049   0.4572277228
788.   3.742405941   0.4573267327
789.   3.741316832   0.4574257426
790.   3.740227723   0.4575247525
791.   3.739138614   0.4576237624
792.   3.738049505   0.4577227723
793.   3.736960396   0.4578217822
794.   3.735871287   0.4579207921
795.   3.734883495   0.4578058252
796.   3.734300971   0.4568349515
797.   3.733718447   0.4558640777
798.   3.733135922   0.4548932039
799.   3.732553398   0.4539223301
800.   3.731970874   0.4529514563
801.   3.73138835   0.4519805825
802.   3.730805825   0.4510097087
803.   3.730223301   0.450038835
804.   3.729640777   0.4490679612
805.   3.729058252   0.4480970874
806.   3.728235849   0.4476603774
807.   3.727386793   0.4472830189
808.   3.726537736   0.4469056604
809.   3.725688679   0.4465283019
810.   3.724839623   0.4461509434
811.   3.723990566   0.4457735849
812.   3.723141509   0.4453962264
813.   3.722292453   0.4450188679
814.   3.721443396   0.4446415094
815.   3.72059434   0.4442641509
816.   3.719834862   0.4436697248
817.   3.719284404   0.4425688073
818.   3.718733945   0.4414678899
819.   3.718183486   0.4403669725
820.   3.717633028   0.439266055
821.   3.717082569   0.4381651376
822.   3.71653211   0.4370642202
823.   3.715981651   0.4359633028
824.   3.715431193   0.4348623853
825.   3.714880734   0.4337614679
826.   3.714330275   0.4326605505
827.   3.713877966   0.4313220339
828.   3.713572881   0.4296271186
829.   3.713267797   0.4279322034
830.   3.712962712   0.4262372881
831.   3.712657627   0.4245423729
832.   3.712352542   0.4228474576
833.   3.712047458   0.4211525424
834.   3.711742373   0.4194576271
835.   3.711437288   0.4177627119
836.   3.711132203   0.4160677966
837.   3.710827119   0.4143728814
838.   3.710522034   0.4126779661
839.   3.710216949   0.4109830508
840.   3.709911864   0.4092881356
841.   3.70960678   0.4075932203
842.   3.709301695   0.4058983051
843.   3.70899661   0.4042033898
844.   3.708691525   0.4025084746
845.   3.708386441   0.4008135593
846.   3.708081356   0.3991186441
847.   3.707776271   0.3974237288
848.   3.707471186   0.3957288136
849.   3.707166102   0.3940338983
850.   3.706861017   0.3923389831
851.   3.706555932   0.3906440678
852.   3.706250848   0.3889491525
853.   3.705945763   0.3872542373
854.   3.705640678   0.385559322
855.   3.705335593   0.3838644068
856.   3.705030508   0.3821694915
857.   3.704725424   0.3804745763
858.   3.704420339   0.378779661
859.   3.704115254   0.3770847458
860.   3.70381017   0.3753898305
861.   3.703505085   0.3736949153
862.   3.7032   0.372
863.   3.702894915   0.3703050847
864.   3.70258983   0.3686101695
865.   3.702284746   0.3669152542
866.   3.701979661   0.365220339
867.   3.701674576   0.3635254237
868.   3.701369492   0.3618305085
869.   3.701064407   0.3601355932
870.   3.700759322   0.358440678
871.   3.700454237   0.3567457627
872.   3.700149152   0.3550508475
873.   3.699844068   0.3533559322
874.   3.699538983   0.3516610169
875.   3.699233898   0.3499661017
876.   3.698928814   0.3482711864
877.   3.698623729   0.3465762712
878.   3.698318644   0.3448813559
879.   3.698013559   0.3431864407
880.   3.697708475   0.3414915254
881.   3.69740339   0.3397966102
882.   3.697098305   0.3381016949
883.   3.69679322   0.3364067797
884.   3.696488136   0.3347118644
885.   3.696183051   0.3330169492
886.   3.695774763   0.332
887.   3.695211669   0.332
888.   3.694648575   0.332
889.   3.694085482   0.332
890.   3.693522388   0.332
891.   3.692959294   0.332
892.   3.692396201   0.332
893.   3.691833107   0.332
894.   3.691270014   0.332
895.   3.69070692   0.332
896.   3.690143826   0.332
897.   3.689580733   0.332
898.   3.689017639   0.332
899.   3.688454546   0.332
900.   3.687891452   0.332
901.   3.687328358   0.332
902.   3.686765265   0.332
903.   3.686202171   0.332
904.   3.685639077   0.332
905.   3.685075984   0.332
906.   3.68451289   0.332
907.   3.683949797   0.332
908.   3.683386703   0.332
909.   3.682823609   0.332
910.   3.682260516   0.332
911.   3.681697422   0.332
912.   3.681134328   0.332
913.   3.680571235   0.332
914.   3.680008141   0.332
915.   3.679445048   0.332
916.   3.678881954   0.332
917.   3.67831886   0.332
918.   3.677755767   0.332
919.   3.677192673   0.332
920.   3.676629579   0.332
921.   3.676066486   0.332
922.   3.675503392   0.332
923.   3.674940298   0.332
924.   3.674377205   0.332
925.   3.673814111   0.332
926.   3.673251018   0.332
927.   3.672687924   0.332
928.   3.67212483   0.332
929.   3.671561737   0.332
930.   3.670998643   0.332
931.   3.670435549   0.332
932.   3.669872456   0.332
933.   3.669309362   0.332
934.   3.668746269   0.332
935.   3.668183175   0.332
936.   3.667620081   0.332
937.   3.667056988   0.332
938.   3.666493894   0.332
939.   3.6659308   0.332
940.   3.665367707   0.332
941.   3.664804613   0.332
942.   3.66424152   0.332
943.   3.663678426   0.332
944.   3.663115332   0.332
945.   3.662552239   0.332
946.   3.661989145   0.332
947.   3.661426052   0.332
948.   3.660862958   0.332
949.   3.660299864   0.332
950.   3.659736771   0.332
951.   3.659173677   0.332
952.   3.658610583   0.332
953.   3.65804749   0.332
954.   3.657484396   0.332
955.   3.656921303   0.332
956.   3.656358209   0.332
957.   3.655795115   0.332
958.   3.655232022   0.332
959.   3.654668928   0.332
960.   3.654105834   0.332
961.   3.653542741   0.332
962.   3.652979647   0.332
963.   3.652416554   0.332
964.   3.65185346   0.332
965.   3.651290366   0.332
966.   3.650727273   0.332
967.   3.650164179   0.332
968.   3.649601085   0.332
969.   3.649037992   0.332
970.   3.648474898   0.332
971.   3.647911805   0.332
972.   3.647348711   0.332
973.   3.646785617   0.332
974.   3.646222524   0.332
975.   3.64565943   0.332
976.   3.645096337   0.332
977.   3.644533243   0.332
978.   3.643970149   0.332
979.   3.643407056   0.332
980.   3.642843962   0.332
981.   3.642280868   0.332
982.   3.641717775   0.332
983.   3.641154681   0.332
984.   3.640591588   0.332
985.   3.640028494   0.332
986.   3.6394654   0.332
987.   3.638902307   0.332
988.   3.638339213   0.332
989.   3.637776119   0.332
990.   3.637213026   0.332
991.   3.636649932   0.332
992.   3.636086839   0.332
993.   3.635523745   0.332
994.   3.634960651   0.332
995.   3.634397558   0.332
996.   3.633834464   0.332
997.   3.63327137   0.332
998.   3.632708277   0.332
999.   3.632145183   0.332
1000.   3.63158209   0.332
1001.   3.631018996   0.332
1002.   3.630455902   0.332
1003.   3.629892809   0.332
1004.   3.629329715   0.332
1005.   3.628766621   0.332
1006.   3.628203528   0.332
1007.   3.627640434   0.332
1008.   3.627077341   0.332
1009.   3.626514247   0.332
1010.   3.625951153   0.332
1011.   3.62538806   0.332
1012.   3.624824966   0.332
1013.   3.624261873   0.332
1014.   3.623698779   0.332
1015.   3.623135685   0.332
1016.   3.622572592   0.332
1017.   3.622009498   0.332
1018.   3.621446404   0.332
1019.   3.620883311   0.332
1020.   3.620320217   0.332
1021.   3.619757123   0.332
1022.   3.61919403   0.332
1023.   3.618630936   0.332
1024.   3.618067843   0.332
1025.   3.617504749   0.332
1026.   3.616941655   0.332
1027.   3.616378562   0.332
1028.   3.615815468   0.332
1029.   3.615252374   0.332
1030.   3.614689281   0.332
1031.   3.614126187   0.332
1032.   3.613563094   0.332
1033.   3.613   0.332
1034.   3.61268599   0.332
1035.   3.612371981   0.332
1036.   3.612057971   0.332
1037.   3.611743961   0.332
1038.   3.611429952   0.332
1039.   3.611115942   0.332
1040.   3.610801932   0.332
1041.   3.610487923   0.332
1042.   3.610173913   0.332
1043.   3.609859903   0.332
1044.   3.609545894   0.332
1045.   3.609231884   0.332
1046.   3.608917874   0.332
1047.   3.608603865   0.332
1048.   3.608289855   0.332
1049.   3.607975845   0.332
1050.   3.607661836   0.332
1051.   3.607347826   0.332
1052.   3.607033816   0.332
1053.   3.606719807   0.332
1054.   3.606405797   0.332
1055.   3.606091787   0.332
1056.   3.605777778   0.332
1057.   3.605463768   0.332
1058.   3.605149759   0.332
1059.   3.604835749   0.332
1060.   3.604521739   0.332
1061.   3.604207729   0.332
1062.   3.60389372   0.332
1063.   3.60357971   0.332
1064.   3.6032657   0.332
1065.   3.602951691   0.332
1066.   3.602637681   0.332
1067.   3.602323672   0.332
1068.   3.602009662   0.332
1069.   3.601695652   0.332
1070.   3.601381643   0.332
1071.   3.601067633   0.332
1072.   3.600753623   0.332
1073.   3.600439614   0.332
1074.   3.600125604   0.332
1075.   3.599811594   0.332
1076.   3.599497584   0.332
1077.   3.599183575   0.332
1078.   3.598869565   0.332
1079.   3.598555556   0.332
1080.   3.598241546   0.332
1081.   3.597927536   0.332
1082.   3.597613527   0.332
1083.   3.597299517   0.332
1084.   3.596985507   0.332
1085.   3.596671498   0.332
1086.   3.596357488   0.332
1087.   3.596043478   0.332
1088.   3.595729469   0.332
1089.   3.595415459   0.332
1090.   3.595101449   0.332
1091.   3.59478744   0.332
1092.   3.59447343   0.332
1093.   3.59415942   0.332
1094.   3.593845411   0.332
1095.   3.593531401   0.332
1096.   3.593217391   0.332
1097.   3.592903382   0.332
1098.   3.592589372   0.332
1099.   3.592275362   0.332
1100.   3.591961353   0.332
1101.   3.591647343   0.332
1102.   3.591333333   0.332
1103.   3.591019324   0.332
1104.   3.590705314   0.332
1105.   3.590391304   0.332
1106.   3.590077295   0.332
1107.   3.589763285   0.332
1108.   3.589449275   0.332
1109.   3.589135266   0.332
1110.   3.588821256   0.332
1111.   3.588507246   0.332
1112.   3.588193237   0.332
1113.   3.587879227   0.332
1114.   3.587565217   0.332
1115.   3.587251208   0.332
1116.   3.586937198   0.332
1117.   3.586623188   0.332
1118.   3.586309179   0.332
1119.   3.585995169   0.332
1120.   3.585681159   0.332
1121.   3.58536715   0.332
1122.   3.58505314   0.332
1123.   3.58473913   0.332
1124.   3.584425121   0.332
1125.   3.584111111   0.332
1126.   3.583797101   0.332
1127.   3.583483092   0.332
