206.6	1.34397		2.26768
207.3	1.325074	2.214232
208.0	1.306591	2.287556
208.7	1.321711	2.273331
209.4	1.304423	2.26295
210.1	1.32016		2.269408
210.9	1.312537	2.290522
211.6	1.307405	2.27934
212.3	1.305534	2.287576
213.0	1.299284	2.29994
213.8	1.303303	2.309068
214.5	1.300766	2.325693
215.3	1.299994	2.341211
216.0	1.302024	2.353607
216.8	1.302834	2.363872
217.5	1.304424	2.377073
218.3	1.302179	2.393675
219.1	1.308134	2.411402
219.8	1.310178	2.424643
220.6	1.312373	2.444598
221.4	1.316382	2.461717
222.2	1.321616	2.476729
223.0	1.327936	2.493206
223.8	1.332543	2.511296
224.6	1.337993	2.529669
225.4	1.344934	2.546832
226.2	1.35233		2.56456
227.1	1.359657	2.586217
227.9	1.368511	2.605148
228.8	1.37694		2.624696
229.6	1.387652	2.645684
230.5	1.397733	2.664761
231.3	1.407819	2.685401
232.2	1.419623	2.705803
233.1	1.431234	2.726876
233.9	1.443392	2.748876
234.8	1.457207	2.770506
235.7	1.469053	2.79506
236.6	1.48339		2.816856
237.5	1.497513	2.840042
238.4	1.513881	2.864693
239.4	1.529879	2.889527
240.3	1.547013	2.914276
241.2	1.564289	2.93965
242.2	1.582931	2.966477
243.1	1.601524	2.994569
244.1	1.623115	3.023293
245.0	1.64555		3.052163
246.0	1.669075	3.083117
247.0	1.69531		3.114563
248.0	1.724777	3.148116
249.0	1.756539	3.182637
250.0	1.79092		3.216831
251.0	1.829332	3.252056
252.0	1.87043		3.287891
253.0	1.916128	3.322188
254.1	1.964163	3.355449
255.1	2.018334	3.387546
256.2	2.075161	3.417073
257.2	2.137177	3.444207
258.3	2.202668	3.467635
259.4	2.272506	3.48721
260.5	2.345234	3.502368
261.6	2.420465	3.512558
262.7	2.496965	3.516805
263.8	2.576613	3.515609
264.9	2.656602	3.507941
266.1	2.736219	3.494683
267.2	2.815067	3.475086
268.4	2.892607	3.448876
269.5	2.966359	3.417437
270.7	3.037062	3.380782
271.9	3.103892	3.340451
273.1	3.166476	3.297288
274.3	3.225788	3.251441
275.5	3.280611	3.202246
276.8	3.334889	3.151256
278.0	3.383405	3.096889
279.2	3.429965	3.039564
280.5	3.469995	2.979416
281.8	3.505975	2.91657
283.1	3.53593		2.852386
284.4	3.558975	2.786839
285.7	3.575369	2.722909
287.0	3.58657		2.661019
288.3	3.59335		2.6021
289.7	3.596345	2.545926
291.0	3.595742	2.492286
292.4	3.593145	2.442505
293.8	3.587819	2.395556
295.2	3.580473	2.351996
296.6	3.57192		2.310942
298.0	3.561761	2.273036
299.5	3.549726	2.237932
300.9	3.537289	2.205167
302.4	3.524957	2.174628
303.9	3.51277		2.146481
305.4	3.500472	2.120278
306.9	3.488521	2.096301
308.4	3.476569	2.074369
310.0	3.46458		2.053982
311.5	3.453247	2.035104
313.1	3.44209		2.017682
314.7	3.431189	2.001639
316.3	3.421437	1.987331
317.9	3.411322	1.974469
319.5	3.401801	1.962557
321.2	3.39319		1.95124
322.9	3.385059	1.940793
324.6	3.377106	1.931639
326.3	3.369316	1.923418
328.0	3.362317	1.916033
329.7	3.35582		1.909721
331.5	3.35086		1.903275
333.3	3.345309	1.898389
335.1	3.340386	1.893717
336.9	3.336273	1.890038
338.8	3.332727	1.886483
340.6	3.329136	1.883605
342.5	3.326919	1.88143
344.4	3.324908	1.879482
346.3	3.323389	1.878361
348.3	3.322356	1.877604
350.2	3.321649	1.877298
352.2	3.32135		1.877772
354.2	3.322045	1.878431
356.3	3.323333	1.879837
358.3	3.324895	1.881418
360.4	3.326901	1.883545
362.5	3.329534	1.886204
364.7	3.333317	1.889115
366.8	3.337332	1.892989
369.0	3.342156	1.896746
371.2	3.34783		1.901229
373.4	3.354238	1.906529
375.7	3.361567	1.912208
378.0	3.369401	1.918102
380.3	3.378176	1.924151
382.7	3.38804		1.931015
385.0	3.398629	1.938295
387.5	3.410906	1.94603
389.9	3.424402	1.954359
392.4	3.438863	1.96323
394.9	3.455208	1.972374
397.4	3.472506	1.981607
399.9	3.491525	1.991256
402.5	3.512579	2.001293
405.2	3.535989	2.011499
407.8	3.562335	2.021953
410.5	3.590257	2.032714
413.3	3.622737	2.043207
416.1	3.657121	2.052594
418.9	3.695648	2.061345
421.7	3.739161	2.066328
424.6	3.786504	2.069197
427.5	3.838623	2.066856
430.5	3.894164	2.057833
433.5	3.950993	2.040996
436.6	4.005767	2.017136
439.7	4.056767	1.986549
442.8	4.102786	1.951755
446.0	4.143271	1.914468
449.2	4.179193	1.87672
452.5	4.212276	1.839008
455.8	4.243131	1.804039
459.2	4.272836	1.772011
462.6	4.304677	1.741606
466.1	4.339346	1.712728
469.6	4.382442	1.677749
473.2	4.431924	1.638087
476.9	4.484027	1.586629
480.6	4.53337		1.523034
484.3	4.574856	1.444744
488.1	4.602112	1.358178
492.0	4.614376	1.267684
495.9	4.612768	1.18073
499.9	4.600485	1.101659
504.0	4.581034	1.029042
508.1	4.556182	.963126
512.3	4.528138	.904178
516.6	4.499447	.850251
520.9	4.46934		.805583
525.4	4.438943	.765163
529.8	4.408488	.729243
534.4	4.379453	.693927
539.1	4.350904	.664571
543.8	4.3233		.638156
548.6	4.296765	.612156
553.5	4.270913	.586824
558.5	4.246147	.565143
563.6	4.223058	.543724
568.7	4.200164	.524556
574.0	4.177574	.507487
579.4	4.156041	.492009
584.8	4.134835	.479064
590.4	4.114195	.465776
596.1	4.094398	.452184
601.9	4.075736	.440615
607.8	4.057786	.427743
613.8	4.040063	.413535
619.9	4.02307		.401476
626.2	4.00649		.390081
632.6	3.990132	.379375
639.1	3.973346	.373407
645.8	3.958046	.365016
652.5	3.942698	.356292
659.5	3.927732	.350812
666.6	3.912722	.347288
673.8	3.899568	.339953
681.2	3.886891	.331334
688.8	3.873913	.326676
696.5	3.861609	.317536
704.5	3.850256	.309179
712.6	3.83873		.306732
720.8	3.827957	.297833
729.3	3.816342	.297394
738.0	3.805897	.291238
746.9	3.796701	.284234
756.0	3.785909	.286171
765.3	3.77412		.291287
774.9	3.76358		.281754
784.7	3.75365		.280562
794.8	3.744293	.282778
805.1	3.73375		.287163
815.7	3.726202	.284745
826.6	3.720304	.260895