  206.60000000     1.33600000     2.11300000
  208.40000000     1.30787500     2.14868800
  210.10000000     1.30100000     2.18300000
  211.90000000     1.29618800     2.22943800
  213.80000000     1.29900000     2.28000000
  215.60000000     1.30875000     2.33125000
  217.50000000     1.32500000     2.38300000
  219.40000000     1.34843700     2.43506200
  221.40000000     1.37500000     2.48400000
  223.40000000     1.40181200     2.52368700
  225.40000000     1.42600000     2.56200000
  227.50000000     1.44200000     2.60250000
  229.60000000     1.45500000     2.65200000
  231.70000000     1.46556300     2.71925000
  233.90000000     1.48200000     2.80200000
  236.20000000     1.51000000     2.90118800
  238.40000000     1.55800000     3.01600000
  240.70000000     1.63212400     3.15412400
  243.10000000     1.74500000     3.29100000
  245.50000000     1.92374900     3.40899900
  248.00000000     2.13100000     3.49500000
  250.50000000     2.33525100     3.51706200
  253.00000000     2.54600000     3.51400000
  255.60000000     2.75493900     3.53506200
  258.30000000     2.98400000     3.51700000
  261.00000000     3.28437500     3.40681300
  263.80000000     3.56000000     3.22300000
  266.60000000     3.72243600     2.93981400
  269.50000000     3.80000000     2.63700000
  272.50000000     3.77412500     2.38975100
  275.50000000     3.69700000     2.18600000
  278.60000000     3.61450000     2.04643700
  281.80000000     3.52700000     1.94800000
  285.00000000     3.45168700     1.87612500
  288.30000000     3.38400000     1.82600000
  291.70000000     3.32550000     1.78806300
  295.20000000     3.27500000     1.76200000
  298.80000000     3.23212500     1.74481200
  302.40000000     3.19600000     1.73500000
  306.10000000     3.16562500     1.72993800
  310.00000000     3.14100000     1.73000000
  313.90000000     3.12187500     1.73487500
  317.90000000     3.10800000     1.74400000
  322.00000000     3.09893800     1.75668700
  326.30000000     3.09500000     1.77300000
  330.60000000     3.09631200     1.79281200
  335.10000000     3.10300000     1.81600000
  339.70000000     3.11475000     1.84193700
  344.40000000     3.13300000     1.87200000
  349.30000000     3.15825000     1.90650000
  354.20000000     3.19300000     1.94800000
  359.40000000     3.23243800     1.99943800
  364.70000000     3.29900000     2.06000000
  370.10000000     3.41912500     2.14562500
  375.70000000     3.57600000     2.20900000
  381.50000000     3.76587500     2.21081200
  387.50000000     3.97600000     2.14300000
  393.60000000     4.22174900     1.96537500
  399.90000000     4.41500000     1.73500000
  406.50000000     4.44112500     1.48318800
  413.30000000     4.39500000     1.24700000
  420.30000000     4.33268800     1.08612500
  427.50000000     4.25600000     0.96400000
  435.00000000     4.18712500     0.86475000
  442.80000000     4.12100000     0.78600000
  450.90000000     4.06037500     0.72087500
  459.20000000     4.00400000     0.66700000
  467.90000000     3.95150000     0.61981300
  476.90000000     3.90300000     0.57900000
  486.20000000     3.85875000     0.54287500
  495.90000000     3.81800000     0.51100000
  506.10000000     3.78012500     0.48231300
  516.60000000     3.74500000     0.45700000
  527.60000000     3.71225000     0.43537500
  539.10000000     3.68200000     0.41600000
  551.00000000     3.65431200     0.39750000
  563.60000000     3.62900000     0.38000000
  576.70000000     3.60593700     0.36312500
  590.40000000     3.58500000     0.34700000
  604.80000000     3.56625000     0.33143800
  619.90000000     3.54900000     0.31700000
  635.80000000     3.53231200     0.30456300
  652.50000000     3.51700000     0.29300000
  670.20000000     3.50350000     0.28175000
  688.80000000     3.49200000     0.27000000
  708.50000000     3.48300000     0.25606300
  729.30000000     3.47600000     0.24200000
  751.40000000     3.47118800     0.22918800
  774.90000000     3.46700000     0.21800000
  799.90000000     3.46327500     0.21487500
  826.60000000     3.45600000     0.20300000
  855.10000000     3.44015000     0.16185800
  885.60000000     3.41860000     0.10900000
  918.40000000     3.39202500     0.04878300
  953.70000000     3.36200000     0.00028100
  991.90000000     3.32865000     0.00665400
 1033.00000000     3.29700000     0.00000000
 1078.00000000     3.27356200     0.00001800
 1127.00000000     3.25400000     0.00000000
 1181.00000000     3.23612500     0.00000000
 1240.00000000     3.22000000     0.00000000
 1305.00000000     3.20487500     0.00000000
 1378.00000000     3.19100000     0.00000000
 1459.00000000     3.17850000     0.00000000
 1550.00000000     3.16700000     0.00000000
 1653.00000000     3.15606200     0.00000000
 1771.00000000     3.14600000     0.00000000
 1907.00000000     3.13720000     0.00000000
 2066.00000000     3.12900000     0.00000000
 2254.00000000     3.12100000     0.00000000
 2480.00000000     3.11400000     0.00000000
