310.   3.141   1.73
311.   3.136319149   1.731489362
312.   3.131638298   1.732978723
313.   3.126957447   1.734468085
314.   3.122276596   1.735957447
315.   3.11796875   1.73765625
316.   3.11453125   1.73984375
317.   3.11109375   1.74203125
318.   3.10778   1.74432
319.   3.10558   1.74752
320.   3.10338   1.75072
321.   3.10118   1.75392
322.   3.09898   1.75712
323.   3.096941177   1.760382353
324.   3.096352941   1.764205882
325.   3.095764706   1.768029412
326.   3.095176471   1.771852941
327.   3.095269231   1.776230769
328.   3.095653846   1.780846154
329.   3.096038461   1.785461538
330.   3.096423077   1.790076923
331.   3.096807692   1.794692308
332.   3.097833333   1.799638889
333.   3.0995   1.804916667
334.   3.101166667   1.810194444
335.   3.102833333   1.815472222
336.   3.105454546   1.821236364
337.   3.108181818   1.827054546
338.   3.110909091   1.832872727
339.   3.113636364   1.838690909
340.   3.116363636   1.844509091
341.   3.119578947   1.850526316
342.   3.123526316   1.856842105
343.   3.127473684   1.863157895
344.   3.131421053   1.869473684
345.   3.136310345   1.876448276
346.   3.141827586   1.883862069
347.   3.147344828   1.891275862
348.   3.152862069   1.898689655
349.   3.15837931   1.906103448
350.   3.163896552   1.913517241
351.   3.1706   1.9216
352.   3.1776   1.92985
353.   3.1846   1.9381
354.   3.1916   1.94635
355.   3.200096774   1.955870968
356.   3.208967742   1.965709677
357.   3.21783871   1.975548387
358.   3.226709677   1.985387097
359.   3.235580645   1.995225806
360.   3.244451613   2.005064516
361.   3.255116279   2.016116279
362.   3.266976744   2.027976744
363.   3.278837209   2.039837209
364.   3.290697674   2.051697674
365.   3.304861539   2.064569231
366.   3.3244   2.0798
367.   3.343938462   2.095030769
368.   3.363476923   2.110261538
369.   3.383015385   2.125492308
370.   3.402553846   2.140723077
371.   3.422092308   2.155953846
372.   3.452666667   2.167888889
373.   3.486   2.179
374.   3.519333333   2.190111111
375.   3.552666667   2.201222222
376.   3.586414286   2.207628571
377.   3.621128571   2.203057143
378.   3.655842857   2.198485714
379.   3.690557143   2.193914286
380.   3.725271429   2.189342857
381.   3.759985714   2.184771429
382.   3.7947   2.1802
383.   3.8288125   2.174875
384.   3.861520833   2.167791667
385.   3.894229167   2.160708333
386.   3.9269375   2.153625
387.   3.959645833   2.146541667
388.   3.997917808   2.130876712
389.   4.041753425   2.106630137
390.   4.085589041   2.082383562
391.   4.129424657   2.058136986
392.   4.173260274   2.033890411
393.   4.21709589   2.009643836
394.   4.260931507   1.98539726
395.   4.300576923   1.957115385
396.   4.323461539   1.912692308
397.   4.346346154   1.868269231
398.   4.369230769   1.823846154
399.   4.392115385   1.779423077
400.   4.415   1.735
401.   4.417307692   1.693846154
402.   4.419615385   1.652692308
403.   4.421923077   1.611538462
404.   4.424230769   1.570384615
405.   4.426538461   1.529230769
406.   4.428846154   1.488076923
407.   4.431153846   1.446923077
408.   4.431618182   1.407927273
409.   4.424709091   1.377563636
410.   4.4178   1.3472
411.   4.410890909   1.316836364
412.   4.403981818   1.286472727
413.   4.397072727   1.256109091
414.   4.38825   1.2315
415.   4.378607143   1.209357143
416.   4.368964286   1.187214286
417.   4.359321429   1.165071429
418.   4.349678571   1.142928571
419.   4.340035714   1.120785714
420.   4.330392857   1.098642857
421.   4.32075   1.0765
422.   4.311   1.055982759
423.   4.301   1.039258621
424.   4.291   1.022534483
425.   4.281   1.005810345
426.   4.271   0.9890862069
427.   4.261   0.972362069
428.   4.25143956   0.9575714286
429.   4.242318681   0.9447142857
430.   4.233197802   0.9318571429
431.   4.224076923   0.919
432.   4.214956044   0.9061428571
433.   4.205835165   0.8932857143
434.   4.196714286   0.8804285714
435.   4.187593407   0.8675714286
436.   4.178472528   0.8547142857
437.   4.169645161   0.8430645161
438.   4.161258065   0.8332258065
439.   4.152870968   0.8233870968
440.   4.144483871   0.8135483871
441.   4.136096774   0.8037096774
442.   4.127709677   0.7938709677
443.   4.119494845   0.7844742268
444.   4.111969072   0.7768453608
445.   4.104443299   0.7692164948
446.   4.096917526   0.7615876289
447.   4.089391753   0.7539587629
448.   4.081865979   0.7463298969
449.   4.074340206   0.7387010309
450.   4.066814433   0.7310721649
451.   4.05928866   0.723443299
452.   4.051762887   0.715814433
453.   4.044716418   0.708641791
454.   4.038149254   0.7019253731
455.   4.03158209   0.6952089552
456.   4.025014925   0.6884925373
457.   4.018447761   0.6817761194
458.   4.011880597   0.6750597015
459.   4.005313433   0.6683432836
460.   3.999076923   0.6629230769
461.   3.992923077   0.6578269231
462.   3.986769231   0.6527307692
463.   3.980615385   0.6476346154
464.   3.974461539   0.6425384615
465.   3.968307692   0.6374423077
466.   3.962153846   0.6323461538
467.   3.956   0.62725
468.   3.949846154   0.6221538462
469.   3.943692308   0.6170576923
470.   3.937972603   0.6120821918
471.   3.93290411   0.6072876712
472.   3.927835616   0.6024931507
473.   3.922767123   0.5976986301
474.   3.91769863   0.5929041096
475.   3.912630137   0.588109589
476.   3.907561644   0.5833150685
477.   3.902535714   0.5786160714
478.   3.897892857   0.5747767857
479.   3.89325   0.5709375
480.   3.888607143   0.5670982143
481.   3.883964286   0.5632589286
482.   3.879321429   0.5594196429
483.   3.874678571   0.5555803571
484.   3.870035714   0.5517410714
485.   3.865392857   0.5479017857
486.   3.86075   0.5440625
487.   3.856107143   0.5402232143
488.   3.851464286   0.5363839286
489.   3.847192308   0.5331153846
490.   3.842961538   0.5299102564
491.   3.838730769   0.5267051282
492.   3.8345   0.5235
493.   3.830269231   0.5202948718
494.   3.826038462   0.5170897436
495.   3.821807692   0.5138846154
496.   3.817631148   0.5107377049
497.   3.813942623   0.5081147541
498.   3.810254098   0.5054918033
499.   3.806565574   0.5028688525
500.   3.802877049   0.5002459016
501.   3.799188525   0.4976229508
502.   3.7955   0.495
503.   3.791811475   0.4923770492
504.   3.788122951   0.4897540984
505.   3.784434426   0.4871311475
506.   3.780745902   0.4845081967
507.   3.777057377   0.4818852459
508.   3.773368853   0.4792622951
509.   3.770035294   0.4766705882
510.   3.766741176   0.4740823529
511.   3.763447059   0.4714941176
512.   3.760152941   0.4689058824
513.   3.756858824   0.4663176471
514.   3.753564706   0.4637294118
515.   3.750270588   0.4611411765
516.   3.746976471   0.4585529412
517.   3.743818182   0.4562121212
518.   3.740863636   0.4542424242
519.   3.737909091   0.4522727273
520.   3.734954546   0.4503030303
521.   3.732   0.4483333333
522.   3.729045455   0.4463636364
523.   3.726090909   0.4443939394
524.   3.723136364   0.4424242424
525.   3.720181818   0.4404545455
526.   3.717227273   0.4384848485
527.   3.714272727   0.4365151515
528.   3.711318182   0.4345454545
529.   3.708363636   0.4325757576
530.   3.705483871   0.4306774194
531.   3.702903226   0.4290645161
532.   3.700322581   0.4274516129
533.   3.697741935   0.4258387097
534.   3.69516129   0.4242258065
535.   3.692580645   0.4226129032
536.   3.69   0.421
537.   3.687419355   0.4193870968
538.   3.68483871   0.4177741935
539.   3.682258065   0.4161612903
540.   3.6799375   0.4145625
541.   3.677645833   0.4129652778
542.   3.675354167   0.4113680556
543.   3.6730625   0.4097708333
544.   3.670770833   0.4081736111
545.   3.668479167   0.4065763889
546.   3.6661875   0.4049791667
547.   3.663895833   0.4033819444
548.   3.661604167   0.4017847222
549.   3.6593125   0.4001875
550.   3.657020833   0.3985902778
551.   3.654729167   0.3969930556
552.   3.6524375   0.3953958333
553.   3.650145833   0.3937986111
554.   3.648009901   0.3923564356
555.   3.646029703   0.3910693069
556.   3.644049505   0.3897821782
557.   3.642069307   0.3884950495
558.   3.640089109   0.3872079208
559.   3.638108911   0.3859207921
560.   3.636128713   0.3846336634
561.   3.634148515   0.3833465347
562.   3.632168317   0.3820594059
563.   3.630188119   0.3807722772
564.   3.628316456   0.379443038
565.   3.626607595   0.3780506329
566.   3.624898734   0.3766582278
567.   3.623189873   0.3752658228
568.   3.621481013   0.3738734177
569.   3.619772152   0.3724810127
570.   3.618063291   0.3710886076
571.   3.61635443   0.3696962025
572.   3.61464557   0.3683037975
573.   3.612936709   0.3669113924
574.   3.611227848   0.3655189873
575.   3.609518987   0.3641265823
576.   3.607810127   0.3627341772
577.   3.606101266   0.3613417722
578.   3.604392405   0.3599493671
579.   3.602683544   0.358556962
580.   3.601072727   0.3574
581.   3.599527273   0.3564
582.   3.597981818   0.3554
583.   3.596436364   0.3544
584.   3.594890909   0.3534
585.   3.593345455   0.3524
586.   3.5918   0.3514
587.   3.590254545   0.3504
588.   3.588709091   0.3494
589.   3.587163636   0.3484
590.   3.585618182   0.3474
591.   3.584241379   0.3463793103
592.   3.582977011   0.3453448276
593.   3.581712644   0.3443103448
594.   3.580448276   0.3432758621
595.   3.579183908   0.3422413793
596.   3.57791954   0.3412068966
597.   3.576655172   0.3401724138
598.   3.575390805   0.339137931
599.   3.574126437   0.3381034483
600.   3.572862069   0.3370689655
601.   3.571597701   0.3360344828
602.   3.570333333   0.335
603.   3.569068966   0.3339655172
604.   3.567804598   0.3329310345
605.   3.56654023   0.3318965517
606.   3.565275862   0.330862069
607.   3.564011494   0.3298275862
608.   3.562768595   0.3288016529
609.   3.56161157   0.3278099174
610.   3.560454546   0.3268181818
611.   3.559297521   0.3258264463
612.   3.558140496   0.3248347107
613.   3.556983471   0.3238429752
614.   3.555826446   0.3228512397
615.   3.554669422   0.3218595041
616.   3.553512397   0.3208677686
617.   3.552355372   0.3198760331
618.   3.551198347   0.3188842975
619.   3.550041322   0.317892562
620.   3.548901042   0.31690625
621.   3.547911458   0.31596875
622.   3.546921875   0.31503125
623.   3.545932292   0.31409375
624.   3.544942708   0.31315625
625.   3.543953125   0.31221875
626.   3.542963542   0.31128125
627.   3.541973958   0.31034375
628.   3.540984375   0.30940625
629.   3.539994792   0.30846875
630.   3.539005208   0.30753125
631.   3.538015625   0.30659375
632.   3.537026042   0.30565625
633.   3.536036458   0.30471875
634.   3.535046875   0.30378125
635.   3.534057292   0.30284375
636.   3.533067708   0.30190625
637.   3.532078125   0.30096875
638.   3.531088542   0.30003125
639.   3.530098958   0.29909375
640.   3.529133333   0.2986
641.   3.52817037   0.2981555556
642.   3.527207407   0.2977111111
643.   3.526244444   0.2972666667
644.   3.525281482   0.2968222222
645.   3.524318519   0.2963777778
646.   3.523355556   0.2959333333
647.   3.522392593   0.2954888889
648.   3.52142963   0.2950444444
649.   3.520466667   0.2946
650.   3.519503704   0.2941555556
651.   3.518540741   0.2937111111
652.   3.517577778   0.2932666667
653.   3.516698113   0.2927169811
654.   3.515943396   0.292009434
655.   3.515188679   0.2913018868
656.   3.514433962   0.2905943396
657.   3.513679245   0.2898867925
658.   3.512924528   0.2891792453
659.   3.512169811   0.2884716981
660.   3.511415094   0.2877641509
661.   3.510660377   0.2870566038
662.   3.50990566   0.2863490566
663.   3.509150943   0.2856415094
664.   3.508396226   0.2849339623
665.   3.507641509   0.2842264151
666.   3.506886792   0.2835188679
667.   3.506132076   0.2828113208
668.   3.505377359   0.2821037736
669.   3.504622641   0.2813962264
670.   3.503867925   0.2806886792
671.   3.503113208   0.2799811321
672.   3.502358491   0.2792735849
673.   3.501603774   0.2785660377
674.   3.50088   0.2778933333
675.   3.50028   0.27736
676.   3.49968   0.2768266667
677.   3.49908   0.2762933333
678.   3.49848   0.27576
679.   3.49788   0.2752266667
680.   3.49728   0.2746933333
681.   3.49668   0.27416
682.   3.49608   0.2736266667
683.   3.49548   0.2730933333
684.   3.49488   0.27256
685.   3.49428   0.2720266667
686.   3.49368   0.2714933333
687.   3.49308   0.27096
688.   3.49248   0.2704266667
689.   3.491907173   0.2698734177
690.   3.491443038   0.2692405063
691.   3.490978903   0.2686075949
692.   3.490514768   0.2679746835
693.   3.490050633   0.2673417722
694.   3.489586498   0.2667088608
695.   3.489122363   0.2660759494
696.   3.488658228   0.265443038
697.   3.488194093   0.2648101266
698.   3.487729958   0.2641772152
699.   3.487265823   0.2635443038
700.   3.486801688   0.2629113924
701.   3.486337553   0.262278481
702.   3.485873418   0.2616455696
703.   3.485409283   0.2610126582
704.   3.484945148   0.2603797468
705.   3.484481013   0.2597468354
706.   3.484016878   0.2591139241
707.   3.483552743   0.2584810127
708.   3.483088608   0.2578481013
709.   3.482624473   0.2572151899
710.   3.482160338   0.2565822785
711.   3.481696202   0.2559493671
712.   3.481232068   0.2553164557
713.   3.480851191   0.2546130952
714.   3.480553571   0.2538392857
715.   3.480255952   0.2530654762
716.   3.479958333   0.2522916667
717.   3.479660714   0.2515178571
718.   3.479363095   0.2507440476
719.   3.479065476   0.2499702381
720.   3.478767857   0.2491964286
721.   3.478470238   0.248422619
722.   3.478172619   0.2476488095
723.   3.477875   0.246875
724.   3.477577381   0.2461011905
725.   3.477279762   0.245327381
726.   3.476982143   0.2445535714
727.   3.476684524   0.2437797619
728.   3.476386905   0.2430059524
729.   3.476089286   0.2422321429
730.   3.475816479   0.2415543071
731.   3.475554307   0.240917603
732.   3.475292135   0.2402808989
733.   3.475029962   0.2396441948
734.   3.47476779   0.2390074906
735.   3.474505618   0.2383707865
736.   3.474243446   0.2377340824
737.   3.473981273   0.2370973783
738.   3.473719101   0.2364606742
739.   3.473456929   0.23582397
740.   3.473194757   0.2351872659
741.   3.472932584   0.2345505618
742.   3.472670412   0.2339138577
743.   3.47240824   0.2332771536
744.   3.472146067   0.2326404494
745.   3.471883895   0.2320037453
746.   3.471621723   0.2313670412
747.   3.471359551   0.2307303371
748.   3.471097378   0.230093633
749.   3.470835206   0.2294569288
750.   3.470573034   0.2288202247
751.   3.470310861   0.2281835206
752.   3.470048689   0.2275468165
753.   3.469786517   0.2269101124
754.   3.469524345   0.2262734082
755.   3.469262172   0.2256367041
756.   3.469   0.225
757.   3.46889418   0.2246296296
758.   3.46878836   0.2242592593
759.   3.46868254   0.2238888889
760.   3.46857672   0.2235185185
761.   3.468470899   0.2231481481
762.   3.468365079   0.2227777778
763.   3.468259259   0.2224074074
764.   3.468153439   0.222037037
765.   3.468047619   0.2216666667
766.   3.467941799   0.2212962963
767.   3.467835979   0.2209259259
768.   3.467730159   0.2205555556
769.   3.467624339   0.2201851852
770.   3.467518519   0.2198148148
771.   3.467412698   0.2194444444
772.   3.467306878   0.2190740741
773.   3.467201058   0.2187037037
774.   3.467095238   0.2183333333
775.   3.46697351   0.2179701987
776.   3.466708609   0.2176721854
777.   3.466443709   0.2173741722
778.   3.466178808   0.2170761589
779.   3.465913907   0.2167781457
780.   3.465649007   0.2164801325
781.   3.465384106   0.2161821192
782.   3.465119205   0.215884106
783.   3.464854305   0.2155860927
784.   3.464589404   0.2152880795
785.   3.464324503   0.2149900662
786.   3.464059603   0.214692053
787.   3.463794702   0.2143940397
788.   3.463529801   0.2140960265
789.   3.463264901   0.2137980132
790.   3.463   0.2135
791.   3.462735099   0.2132019868
792.   3.462470199   0.2129039735
793.   3.462205298   0.2126059603
794.   3.461940397   0.212307947
795.   3.461675497   0.2120099338
796.   3.461410596   0.2117119205
797.   3.461145695   0.2114139073
798.   3.460880795   0.211115894
799.   3.460615894   0.2108178808
800.   3.460350993   0.2105198675
801.   3.460086093   0.2102218543
802.   3.459821192   0.2099238411
803.   3.459556291   0.2096258278
804.   3.459291391   0.2093278146
805.   3.45902649   0.2090298013
806.   3.458874419   0.2087488372
807.   3.458734884   0.2084697674
808.   3.458595349   0.2081906977
809.   3.458455814   0.2079116279
810.   3.458316279   0.2076325581
811.   3.458176744   0.2073534884
812.   3.458037209   0.2070744186
813.   3.457897674   0.2067953488
814.   3.457758139   0.2065162791
815.   3.457618605   0.2062372093
816.   3.45747907   0.2059581395
817.   3.457339535   0.2056790698
818.   3.4572   0.2054
819.   3.457060465   0.2051209302
820.   3.45692093   0.2048418605
821.   3.456781395   0.2045627907
822.   3.456641861   0.2042837209
823.   3.456502326   0.2040046512
824.   3.456362791   0.2037255814
825.   3.456223256   0.2034465116
826.   3.456083721   0.2031674419
827.   3.455873305   0.2023817797
828.   3.455556568   0.2008362288
829.   3.455239831   0.199290678
830.   3.454923093   0.1977451271
831.   3.454606356   0.1961995763
832.   3.454289619   0.1946540254
833.   3.453972881   0.1931084746
834.   3.453656144   0.1915629237
835.   3.453339407   0.1900173729
836.   3.45302267   0.188471822
837.   3.452705932   0.1869262712
838.   3.452389195   0.1853807203
839.   3.452072458   0.1838351695
840.   3.45175572   0.1822896186
841.   3.451438983   0.1807440678
842.   3.451122246   0.1791985169
843.   3.450805509   0.1776529661
844.   3.450488771   0.1761074153
845.   3.450172034   0.1745618644
846.   3.449855297   0.1730163136
847.   3.449538559   0.1714707627
848.   3.449221822   0.1699252119
849.   3.448905085   0.168379661
850.   3.448588347   0.1668341102
851.   3.44827161   0.1652885593
852.   3.447954873   0.1637430085
853.   3.447638136   0.1621974576
854.   3.447321398   0.1606519068
855.   3.447004661   0.1591063559
856.   3.446687924   0.1575608051
857.   3.446371186   0.1560152542
858.   3.446054449   0.1544697034
859.   3.445737712   0.1529241525
860.   3.445420975   0.1513786017
861.   3.445104237   0.1498330508
862.   3.4447875   0.1482875
863.   3.444470763   0.1467419492
864.   3.444154025   0.1451963983
865.   3.443837288   0.1436508475
866.   3.443520551   0.1421052966
867.   3.443203814   0.1405597458
868.   3.442887076   0.1390141949
869.   3.442570339   0.1374686441
870.   3.442253602   0.1359230932
871.   3.441936864   0.1343775424
872.   3.441620127   0.1328319915
873.   3.44130339   0.1312864407
874.   3.440986652   0.1297408898
875.   3.440669915   0.128195339
876.   3.440353178   0.1266497881
877.   3.440036441   0.1251042373
878.   3.439719703   0.1235586864
879.   3.439402966   0.1220131356
880.   3.439086229   0.1204675847
881.   3.438769491   0.1189220339
882.   3.438452754   0.1173764831
883.   3.438136017   0.1158309322
884.   3.43781928   0.1142853814
885.   3.437502542   0.1127398305
886.   3.437185805   0.1111942797
887.   3.436869068   0.1096487288
888.   3.43655233   0.108103178
889.   3.436235593   0.1065576271
890.   3.435918856   0.1050120763
891.   3.435602119   0.1034665254
892.   3.435285381   0.1019209746
893.   3.434968644   0.1003754237
894.   3.434651907   0.0988298729
895.   3.43433517   0.097284322
896.   3.434018432   0.0957387712
897.   3.433701695   0.0941932203
898.   3.433384958   0.0926476695
899.   3.43306822   0.0911021186
900.   3.432751483   0.0895565678
901.   3.432434746   0.0880110169
902.   3.432118009   0.0864654661
903.   3.431801271   0.0849199153
904.   3.431484534   0.0833743644
905.   3.431167797   0.0818288136
906.   3.430851059   0.0802832627
907.   3.430534322   0.0787377119
908.   3.430217585   0.077192161
909.   3.429900848   0.0756466102
910.   3.42958411   0.0741010593
911.   3.429267373   0.0725555085
912.   3.428950636   0.0710099576
913.   3.428633898   0.0694644068
914.   3.428317161   0.0679188559
915.   3.428000424   0.0663733051
916.   3.427683686   0.0648277542
917.   3.427366949   0.0632822034
918.   3.427050212   0.0617366525
919.   3.426733475   0.0601911017
920.   3.426416737   0.0586455508
921.   3.4261   0.0571
922.   3.418625   0.0517
923.   3.41115   0.0463
924.   3.403675   0.0409
925.   3.3962   0.0355
926.   3.39525   0.0304666667
927.   3.3943   0.0254333333
928.   3.39335   0.0204
929.   3.391925   0.01565
930.   3.3905   0.0109
931.   3.3894   0.0099
932.   3.3883   0.0089
933.   3.3872   0.0079
934.   3.3861   0.0069
935.   3.385   0.0059
936.   3.38394   0.005356
937.   3.38288   0.004812
938.   3.38182   0.004268
939.   3.38076   0.003724
940.   3.3797   0.00318
941.   3.378425   0.002445
942.   3.37715   0.00171
943.   3.3763   0.0014623333
944.   3.37545   0.0012146667
945.   3.3746   0.000967
946.   3.3736   0.000879
947.   3.3726   0.000791
948.   3.3716   0.000703
949.   3.3706   0.000615
950.   3.3696   0.000527
951.   3.367364706   0.0004546471
952.   3.365129412   0.0003822941
953.   3.362894118   0.0003099412
954.   3.3630125   0.000281
955.   3.3647   0.000281
956.   3.363525   0.000213
957.   3.36235   0.000145
958.   3.361566667   0.0001213
959.   3.360783333   0.0000976
960.   3.36   0.0000739
961.   3.353119048   0.0000722476
962.   3.353714286   0.0000639857
963.   3.354309524   0.0000557238
964.   3.354904762   0.0000474619
965.   3.3555   0.0000392
966.   3.352318182   0.0000347758
967.   3.349136364   0.0000303515
968.   3.345954545   0.0000259273
969.   3.347470588   0.0000246
970.   3.351   0.0000246
971.   3.349925   0.0000206
972.   3.34885   0.0000166
973.   3.348133333   0.0000148333
974.   3.347416667   0.0000130667
975.   3.3467   0.0000113
976.   3.336910256   0.0000113
977.   3.33601282   0.0000113
978.   3.335115385   0.0000113
979.   3.334217949   0.0000113
980.   3.333320513   0.0000113
981.   3.332423077   0.0000113
982.   3.331525641   0.0000113
983.   3.330628205   0.0000113
984.   3.329769231   0.0000113
985.   3.329   0.0000113
986.   3.328230769   0.0000113
987.   3.327461538   0.0000113
988.   3.326692308   0.0000113
989.   3.325923077   0.0000113
990.   3.325153846   0.0000113
991.   3.324384615   0.0000113
992.   3.323625   0.0000113
993.   3.322875   0.0000113
994.   3.322125   0.0000113
995.   3.321375   0.0000113
996.   3.320625   0.0000113
997.   3.319875   0.0000113
998.   3.319125   0.0000113
999.   3.318375   0.0000113
1000.   3.3269   0.0000113
1001.   3.3250375   0.0000113
1002.   3.323175   0.0000113
1003.   3.3213125   0.0000113
1004.   3.31945   0.0000113
1005.   3.3175875   0.0000113
1006.   3.315725   0.0000113
1007.   3.3138625   0.0000113
1008.   3.312   0.0000113
1009.   3.311375   0.0000113
1010.   3.31075   0.0000113
1011.   3.310125   0.0000113
1012.   3.3095   0.0000113
1013.   3.308875   0.0000113
1014.   3.30825   0.0000113
1015.   3.307625   0.0000113
1016.   3.307   0.0000113
1017.   3.306375   0.0000113
1018.   3.30575   0.0000113
1019.   3.305125   0.0000113
1020.   3.3045   0.0000113
1021.   3.303875   0.0000113
1022.   3.30325   0.0000113
1023.   3.302625   0.0000113
1024.   3.302   0.0000113
1025.   3.301444444   0.0000113
1026.   3.300888889   0.0000113
1027.   3.300333333   0.0000113
1028.   3.299777778   0.0000113
1029.   3.299222222   0.0000113
1030.   3.298666667   0.0000113
1031.   3.298111111   0.0000113
1032.   3.297555556   0.0000113
1033.   3.297   0.0000113
1034.   3.296488889   0.0000113
1035.   3.295977778   0.0000113
1036.   3.295466667   0.0000113
1037.   3.294955556   0.0000113
1038.   3.294444444   0.0000113
1039.   3.293933333   0.0000113
1040.   3.293422222   0.0000113
1041.   3.292911111   0.0000113
1042.   3.2924   0.0000113
1043.   3.291888889   0.0000113
1044.   3.291377778   0.0000113
1045.   3.290866667   0.0000113
1046.   3.290355556   0.0000113
1047.   3.289844444   0.0000113
1048.   3.289333333   0.0000113
1049.   3.288822222   0.0000113
1050.   3.288311111   0.0000113
1051.   3.2878   0.0000113
1052.   3.287288889   0.0000113
1053.   3.286777778   0.0000113
1054.   3.286266667   0.0000113
1055.   3.285755556   0.0000113
1056.   3.285244444   0.0000113
1057.   3.284733333   0.0000113
1058.   3.284222222   0.0000113
1059.   3.283711111   0.0000113
1060.   3.2832   0.0000113
1061.   3.282688889   0.0000113
1062.   3.282177778   0.0000113
1063.   3.281666667   0.0000113
1064.   3.281155556   0.0000113
1065.   3.280644444   0.0000113
1066.   3.280133333   0.0000113
1067.   3.279622222   0.0000113
1068.   3.279111111   0.0000113
1069.   3.2786   0.0000113
1070.   3.278088889   0.0000113
1071.   3.277577778   0.0000113
1072.   3.277066667   0.0000113
1073.   3.276555556   0.0000113
1074.   3.276044444   0.0000113
1075.   3.275533333   0.0000113
1076.   3.275022222   0.0000113
1077.   3.274511111   0.0000113
1078.   3.274   0.0000113
1079.   3.273759091   0.0000113
1080.   3.273518182   0.0000113
1081.   3.273277273   0.0000113
1082.   3.273036364   0.0000113
1083.   3.272795454   0.0000113
1084.   3.272554546   0.0000113
1085.   3.272313636   0.0000113
1086.   3.272072727   0.0000113
1087.   3.271831818   0.0000113
1088.   3.271590909   0.0000113
1089.   3.27135   0.0000113
1090.   3.271109091   0.0000113
1091.   3.270868182   0.0000113
1092.   3.270627273   0.0000113
1093.   3.270386364   0.0000113
1094.   3.270145454   0.0000113
1095.   3.269904546   0.0000113
1096.   3.269663636   0.0000113
1097.   3.269422727   0.0000113
1098.   3.269181818   0.0000113
1099.   3.268940909   0.0000113
1100.   3.2687   0.0000113
1101.   3.268155556   0.0000113
1102.   3.267611111   0.0000113
1103.   3.267066667   0.0000113
1104.   3.266522222   0.0000113
1105.   3.265977778   0.0000113
1106.   3.265433333   0.0000113
1107.   3.264888889   0.0000113
1108.   3.264344444   0.0000113
1109.   3.2638   0.0000113
1110.   3.263255556   0.0000113
1111.   3.262711111   0.0000113
1112.   3.262166667   0.0000113
1113.   3.261622222   0.0000113
1114.   3.261077778   0.0000113
1115.   3.260533333   0.0000113
1116.   3.259988889   0.0000113
1117.   3.259444444   0.0000113
1118.   3.2589   0.0000113
1119.   3.258355556   0.0000113
1120.   3.257811111   0.0000113
1121.   3.257266667   0.0000113
1122.   3.256722222   0.0000113
1123.   3.256177778   0.0000113
1124.   3.255633333   0.0000113
1125.   3.255088889   0.0000113
1126.   3.254544444   0.0000113
1127.   3.254   0.0000113
