248.0	0.995	2.35E-2			
253.0	0.992	2.42E-2		
258.3	0.990	2.50E-2			
263.8	0.988	2.58E-2			
269.5	0.986	2.67E-2			
275.5	0.984	2.75E-2			
281.8	0.981	2.85E-2			
288.3	0.979	2.94E-2			
295.2	0.976	3.04E-2			
302.4	0.973	3.14E-2			
310.0	0.970	3.26E-2			
317.9	0.967	3.37E-2			
326.3	0.963	3.50E-2			
335.1	0.959	3.64E-2			
344.4	0.955	3.79E-2			
354.2	0.950	3.95E-2			
364.7	0.945	4.13E-2			
375.7	0.939	4.33E-2			
387.5	0.933	4.55E-2			
400.0	0.926	4.80E-2			
413.3	0.918	5.08E-2			
427.5	0.909	5.41E-2			
442.8	0.899	5.79E-2			
459.2	0.888	6.23E-2			
476.9	0.876	6.75E-2			
495.9	0.862	7.37E-2			
516.6	0.846	8.12E-2			
539.1	0.828	9.03E-2		
563.6	0.808	0.101			
590.4	0.785	0.115			
619.9	0.758	0.132			
652.6	0.727	0.154			
688.8	0.691	0.181			
729.3	0.651	0.216			
774.9	0.603	0.261			
826.6	0.549	0.321			
885.6	0.485	0.403			
953.7	0.410	0.519			
1033.	0.327	0.726			
1078.	0.363	0.847			
1127.	0.392	0.946	
1240.	0.459	1.14
1305.	0.497	1.24
1459.	0.597	1.47
1653.	0.735	1.74
1907.	0.951	2.07
2254.	1.35	2.51
2583.	1.86	2.85
2695.	2.07	2.93
2818.	2.30	2.99			
2952.	2.56	3.04			
3100.	2.87	3.06
3263.	3.21	3.00			
3444.	3.55	2.88			
3543.	3.73	2.79
3647.	3.90	2.66
3875.	4.17	2.38
4133.	4.38	2.02
4428.	4.47	1.64	
4769.	4.49	1.28
4960.	4.47	1.12
5166.	4.46	0.969	
6199.	4.23	0.461	
6888.	4.09	0.271			
7293.	4.01	0.199			
7749.	3.93	0.136
8266.	3.86	8.12E-2
8856.	3.77	4.01E-2