0.1240	0.9999945	4.68E-08	
0.1269	0.9999942	5.13E-08	
0.1298	0.9999939	5.62E-08	
0.1329	0.9999936	6.16E-08	
0.1359	0.9999933	6.75E-08	
0.1391	0.9999930	7.40E-08	
0.1424	0.9999927	8.10E-08	
0.1457	0.9999923	8.88E-08	
0.1491	0.9999920	9.73E-08	
0.1525	0.9999916	1.07E-07	
0.1561	0.9999912	1.17E-07	
0.1597	0.9999908	1.28E-07	
0.1634	0.9999903	1.40E-07	
0.1673	0.9999899	1.53E-07	
0.1711	0.9999894	1.68E-07	
0.1751	0.9999889	1.84E-07	
0.1792	0.9999884	2.01E-07	
0.1834	0.9999878	2.20E-07	
0.1877	0.9999872	2.41E-07	
0.1920	0.9999866	2.64E-07	
0.1965	0.9999860	2.89E-07	
0.2011	0.9999853	3.16E-07	
0.2058	0.9999846	3.46E-07	
0.2106	0.9999839	3.79E-07	
0.2155	0.9999831	4.14E-07	
0.2205	0.9999823	4.53E-07	
0.2256	0.9999815	4.96E-07	
0.2309	0.9999806	5.42E-07	
0.2362	0.9999797	5.93E-07	
0.2418	0.9999787	6.48E-07	
0.2474	0.9999777	7.09E-07	
0.2531	0.9999766	7.75E-07	
0.2590	0.9999755	8.47E-07	
0.2651	0.9999744	9.26E-07	
0.2712	0.9999731	1.01E-06	
0.2776	0.9999719	1.11E-06	
0.2840	0.9999705	1.21E-06	
0.2906	0.9999691	1.32E-06	
0.2974	0.9999676	1.44E-06	
0.3043	0.9999661	1.58E-06	
0.3114	0.9999645	1.72E-06	
0.3187	0.9999629	1.88E-06	
0.3261	0.9999611	2.05E-06	
0.3337	0.9999592	2.24E-06	
0.3415	0.9999573	2.44E-06	
0.3494	0.9999554	2.67E-06	
0.3576	0.9999532	2.91E-06	
0.3659	0.9999510	3.17E-06	
0.3744	0.9999487	3.46E-06	
0.3832	0.9999464	3.77E-06	
0.3921	0.9999439	4.11E-06	
0.4012	0.9999412	4.48E-06	
0.4105	0.9999385	4.89E-06	
0.4201	0.9999356	5.32E-06	
0.4299	0.9999326	5.80E-06	
0.4399	0.9999296	6.32E-06	
0.4502	0.9999263	6.88E-06	
0.4607	0.9999230	7.49E-06	
0.4714	0.9999195	8.15E-06	
0.4824	0.9999159	8.86E-06	
0.4936	0.9999121	9.64E-06	
0.5051	0.9999082	1.05E-05	
0.5169	0.9999042	1.14E-05	
0.5289	0.9999000	1.24E-05	
0.5412	0.999896	1.35E-05	
0.5538	0.999891	1.46E-05	
0.5667	0.999887	1.59E-05	
0.5799	0.999882	1.72E-05	
0.5934	0.999878	1.87E-05	
0.6073	0.999873	2.03E-05	
0.6214	0.999869	2.20E-05	
0.6359	0.999865	2.38E-05	
0.6507	0.999861	2.58E-05	
0.6658	0.999863	2.80E-05	
0.6813	0.999858	9.04E-06	
0.6972	0.999843	9.87E-06	
0.7135	0.999833	1.08E-05	
0.7301	0.999823	1.18E-05	
0.7471	0.999813	1.28E-05	
0.7645	0.999802	1.40E-05	
0.7823	0.999792	1.53E-05	
0.8005	0.999781	1.66E-05	
0.8191	0.999770	1.81E-05	
0.8382	0.999758	1.98E-05	
0.8578	0.999746	2.15E-05	
0.8778	0.999734	2.35E-05	
0.8982	0.999721	2.55E-05	
0.9191	0.999707	2.78E-05	
0.9405	0.999693	3.03E-05	
0.9625	0.999678	3.30E-05	
0.9849	0.999662	3.59E-05	
1.008	0.999646	3.91E-05	
1.031	0.999629	4.25E-05	
1.055	0.999611	4.62E-05	
1.080	0.999593	5.03E-05	
1.105	0.999573	5.47E-05	
1.131	0.999553	5.95E-05	
1.157	0.999532	6.48E-05	
1.184	0.999510	7.05E-05	
1.212	0.999487	7.66E-05	
1.240	0.999464	8.29E-05	
1.269	0.999439	9.00E-05	
1.298	0.999413	9.80E-05	
1.328	0.999386	1.07E-04	
1.359	0.999358	1.16E-04	
1.391	0.999329	1.25E-04	
1.423	0.999299	1.36E-04	
1.457	0.999268	1.47E-04	
1.491	0.999235	1.60E-04	
1.525	0.999202	1.74E-04	
1.561	0.999167	1.89E-04	
1.597	0.999132	2.06E-04	
1.634	0.999096	2.23E-04	
1.673	0.999059	2.42E-04	
1.712	0.999021	2.63E-04	
1.751	0.99898	2.85E-04	
1.792	0.99895	3.08E-04	
1.834	0.99891	3.33E-04	
1.877	0.99887	3.62E-04	
1.920	0.99883	3.93E-04	
1.965	0.99879	4.26E-04	
2.011	0.99876	4.61E-04	
2.057	0.99874	4.99E-04	
2.106	0.99872	5.40E-04	
2.155	0.99871	5.85E-04	
2.205	0.99874	6.33E-04	
2.256	0.99890	6.86E-04	
2.309	0.99887	2.04E-04	
2.363	0.99862	2.21E-04	
2.417	0.99848	2.39E-04	
2.474	0.99835	2.58E-04	
2.531	0.99824	2.79E-04	
2.591	0.99812	3.02E-04	
2.651	0.99801	3.26E-04	
2.712	0.99789	3.52E-04	
2.776	0.99778	3.80E-04	
2.840	0.99765	4.11E-04	
2.906	0.99753	4.44E-04	
2.974	0.99740	4.80E-04	
3.043	0.99727	5.18E-04	
3.114	0.99713	5.60E-04	
3.187	0.99698	6.05E-04	
3.261	0.99683	6.53E-04	
3.337	0.99667	7.06E-04	
3.415	0.99651	7.64E-04	
3.494	0.99634	8.26E-04	
3.576	0.99616	8.93E-04	
3.660	0.99598	9.65E-04	
3.745	0.99579	1.04E-03	
3.831	0.99559	1.13E-03	
3.921	0.99539	1.22E-03	
4.012	0.99518	1.32E-03	
4.105	0.99496	1.43E-03	
4.201	0.99473	1.54E-03	
4.299	0.99450	1.66E-03	
4.400	0.99426	1.79E-03	
4.502	0.99401	1.92E-03	
4.607	0.99375	2.07E-03	
4.714	0.99348	2.22E-03	
4.824	0.99320	2.39E-03	
4.936	0.99291	2.57E-03	
5.050	0.99260	2.77E-03	
5.168	0.99229	2.98E-03	
5.289	0.99197	3.21E-03	
5.412	0.99165	3.46E-03	
5.537	0.99131	3.72E-03	
5.667	0.99097	4.01E-03	
5.799	0.99063	4.32E-03	
5.935	0.99028	4.66E-03	
6.072	0.9899	5.02E-03	
6.215	0.9896	5.41E-03	
6.358	0.9892	5.83E-03	
6.505	0.9889	6.28E-03	
6.659	0.9886	6.78E-03	
6.812	0.9884	7.30E-03	
6.973	0.9882	7.76E-03	
7.134	0.9881	8.21E-03	
7.302	0.9879	8.61E-03	
7.469	0.9878	8.92E-03	
7.644	0.9875	9.18E-03	
7.822	0.9872	9.48E-03	
8.004	0.9868	9.79E-03	
8.189	0.9863	1.02E-02	
8.2		0.9871	7.3E-03	
8.383	0.9859	1.08E-02	
8.4		0.9865	7.6E-03	
8.580	0.9855	1.15E-02	
8.6		0.986	8.1E-03	
8.775	0.9853	1.23E-02	
8.8		0.9855	8.9E-03	
8.984	0.9853	1.29E-02	
9.0		0.9853	9.9E-03	
9.191	0.9853	1.34E-02	
9.2		0.9854	1.07E-02	
9.4		0.9858	1.14E-02	
9.407	0.9854	1.38E-02	
9.6		0.9868	1.11E-02	
9.626	0.9854	1.41E-02	
9.8		0.9872	1.11E-02	
9.848	0.9854	1.43E-02	
10.0	0.9874	9.7E-03	
10.08	0.9855	1.44E-02	
10.2	0.9865	8.5E-03	
10.31	0.9853	1.41E-02	
10.4	0.9851	8.3E-03	
10.55	0.9849	1.39E-02	
10.6	0.9841	9.6E-03		
10.8	0.9848	9.9E-03	
11.0	0.9844	9.0E-03	
11.05	0.9834	1.38E-02	
11.2	0.9822	9.3E-03	
11.30	0.9827	1.39E-02	
11.4	0.9828	1.59E-02	
11.57	0.9819	1.42E-02	
11.6	0.9867	1.06E-02	
11.8	0.9858	7.5E-03	
11.84	0.9813	1.45E-02	
12.0	0.9839	6.5E-03	
12.12	0.9809	1.48E-02	
12.2	0.9823	6.8E-03		
12.4	0.9813	7.0E-03	
12.6	0.9803	7.3E-03	
12.69	0.9792	1.09E-02	
12.8	0.9794	7.6E-03	
12.98	0.9762	1.16E-02	
13.0	0.9789	7.6E-03	
13.2	0.9778	8.3E-03	
13.29	0.9740	1.24E-02	
13.4	0.977	8.7E-03	
13.59	0.9721	1.32E-02	
13.6	0.9761	9.3E-03	
13.8	0.9747	1.03E-02	
13.92	0.9702	1.40E-02
14.23	0.9683	1.49E-02	
14.57	0.9665	1.59E-02	
14.90	0.9646	1.69E-02	
15.0	0.9634	1.99E-02	
15.25	0.9627	1.80E-02	
15.62	0.9608	1.92E-02	
15.98	0.9588	2.04E-02	
16.0	0.9608	2.26E-02	
16.34	0.9568	2.18E-02	
16.73	0.9547	2.32E-02	
17.0	0.9562	2.44E-02	
17.12	0.9525	2.46E-02	
17.51	0.9503	2.62E-02	
17.92	0.9481	2.79E-02	
18.0	0.9509	2.81E-02	
18.34	0.9457	2.97E-02	
18.76	0.9434	3.16E-02	
19.0	0.9458	3.35E-02	
19.19	0.9409	3.37E-02	
19.65	0.9384	3.59E-02	
20.0	0.9416	3.74E-02	
20.09	0.9359	3.82E-02	
20.56	0.9333	4.07E-02	
21.0	0.9386	4.37E-02	
21.05	0.9307	4.33E-02	
21.56	0.9279	4.61E-02	
22.0	0.9328	4.62E-02	
22.06	0.9252	4.91E-02	
22.54	0.9224	5.23E-02	
23.0	0.9271	5.2E-02	
23.09	0.9196	5.56E-02	
23.62	0.9168	5.92E-02	
24.0	0.9222	5.78E-02	
24.17	0.9140	6.31E-02	
25.0	0.9164	6.5E-02	
26.0	0.9105	7.26E-02	
27.0	0.9207	6.8E-02	
28.0	0.9175	7.5E-02	
29.0	0.9137	8.2E-02	
30.0	0.913	9.0E-02	
31.0	0.907	9.2E-02	
32.0	0.901	9.4E-02	
33.0	0.895	9.8E-02	
34.0	0.888	0.107	
35.0	0.882	0.113	
36.0	0.877	0.120	
37.0	0.870	0.128	
38.0	0.866	0.137	
39.0	0.858	0.144	
40.0	0.851	0.156	
41.0	0.845	0.169	
42.0	0.839	0.180	
43.0	0.833	0.190	
44.0	0.827	0.202	
45.0	0.822	0.218	
46.0	0.817	0.233	
47.0	0.813	0.250	
48.0	0.808	0.270	
49.0	0.804	0.282	
49.59	0.733	0.325	
50.0	0.803	0.300	
51.0	0.804	0.322	
51.66	0.753	0.375	
52.0	0.806	0.343	
53.0	0.811	0.366	
53.91	0.774	0.434	
40.		0.817	0.385	
55.0	0.822	0.408	
56.0	0.829	0.430	
56.36	0.797	0.480	
57.0	0.833	0.450	
58.0	0.843	0.470	
59.0	0.851	0.482	
59.04	0.827	0.530	
60.0	0.862	0.497	
61.99	0.859	0.585	
63.58	0.879	0.613	
65.26	0.902	0.645	
67.01	0.927	0.677	
68.88	0.957	0.712	
69.85	0.975	0.731	
70.85	0.999	0.750	
71.87	1.030	0.763	
72.93	1.072	0.768	
74.02	1.124	0.765	
75.14	1.137	0.755	
76.30	1.156	0.737	
77.49	1.172	0.717	
78.72	1.178	0.703	
79.99	1.172	0.696	
81.30	1.167	0.699	
82.66	1.168	0.711	
84.05	1.175	0.739	
85.51	1.195	0.771	
87.00	1.225	0.799	
88.56	1.265	0.808	
90.17	1.320	0.795	
91.84	1.363	0.775	
93.57	1.371	0.755	
95.37	1.368	0.747	
97.24	1.372	0.766	
99.19	1.383	0.793	
101.2	1.410	0.824	
103.3	1.475	0.861	
105.1	1.554	0.874	
106.9	1.635	0.859	
108.8	1.716	0.810	
110.7	1.766	0.718	
112.7	1.739	0.569	
113.7	1.687	0.565	
114.8	1.587	0.618	
115.9	1.513	0.725	
117.0	1.492	0.914	
118.1	1.567	1.11	
118.7	1.645	1.136	
119.2	1.772	1.13	
119.8	1.919	1.045	
120.4	2.048	0.925	
121.0	2.152	0.810	
121.5	2.240	0.715	
122.8	2.332	0.460	
124.0	2.330	0.323	
125.2	2.292	0.236	
126.5	2.243	0.168	
127.8	2.190	0.119	
129.1	2.140	0.077	
130.5	2.092	0.0561	
131.9	2.047	0.0430	
133.3	2.006	0.0339	
134.8	1.969	0.0271	
136.2	1.935	0.0228	
137.8	1.904	1.89E-02	
139.3	1.876	1.56E-02	
140.9	1.850	1.32E-02	
142.5	1.825	1.09E-02	
144.2	1.803	8.38E-03	
145.9	1.783	5.57E-03	
147.6	1.764	3.17E-03	
149.4	1.747	1.40E-03	
151.2	1.730	4.63E-04	
153.1	1.716	1.22E-04	
155.0	1.702	3.2E-05	
159.0	1.676	4.7E-06	
213.856	1.53429		0.0
214.438	1.53371		0.0
226.747	1.52276		0.0
230.209	1.52009		0.0
237.833	1.51474		0.0
239.938	1.51338		0.0
248.272	1.50841		0.0
265.204	1.50004		0.0
269.885	1.49805		0.0
275.278	1.49592		0.0
280.347	1.49404		0.0
289.360	1.49099		0.0
296.728	1.48873		0.0
302.150	1.48719		0.0
330.259	1.48053		0.0
334.148	1.47976		0.0
340.365	1.47858		0.0
346.620	1.47746		0.0
361.051	1.47512		0.0
365.015	1.47453		0.0
404.656	1.46961		0.0
435.835	1.46669		0.0
467.816	1.46429		0.0
486.133	1.46313		0.0
508.582	1.46187		0.0
546.074	1.46008		0.0
576.959	1.45885		0.0
579.065	1.45877		0.0
587.561	1.45847		0.0
589.262	1.45841		0.0
643.847	1.45671		0.0
656.272	1.45637		0.0
667.815	1.45608		0.0
706.519	1.45515		0.0
852.111	1.45248		0.0
894.350	1.45185		0.0
1013.98	1.45025		0.0
1082.97	1.44941		0.0
1128.66	1.44888		0.0
1362.2	1.44621		0.0
1395.06	1.44584		0.0
1469.5	1.44497		0.0
1529.52	1.44427		0.0
1660.6	1.44267		0.0
1681.	1.44241		0.0
1693.2	1.44226		0.0
1709.13	1.44205		0.0
1813.07	1.44069		0.0
1970.09	1.43851		0.0
2058.1	1.43722		0.0
2152.6	1.43576		0.0
2325.42	1.43292		0.0
2437.4	1.43095		0.0
3243.9	1.41314		0.0
3266.8	1.41253		0.0
3302.6	1.41155		0.0
3422.	1.40819		0.0
3507.0	1.40568		0.0
3556.4	1.40418		0.0