310.   1.485330062   4.7e-6
311.   1.485093127   4.7e-6
312.   1.484856192   4.7e-6
313.   1.484619258   4.7e-6
314.   1.484382323   4.7e-6
315.   1.484145388   4.7e-6
316.   1.483908453   4.7e-6
317.   1.483671518   4.7e-6
318.   1.483434584   4.7e-6
319.   1.483197649   4.7e-6
320.   1.482960714   4.7e-6
321.   1.482723779   4.7e-6
322.   1.482486844   4.7e-6
323.   1.48224991   4.7e-6
324.   1.482012975   4.7e-6
325.   1.48177604   4.7e-6
326.   1.481539105   4.7e-6
327.   1.48130217   4.7e-6
328.   1.481065236   4.7e-6
329.   1.480828301   4.7e-6
330.   1.480591366   4.7e-6
331.   1.480383286   4.7e-6
332.   1.480185292   4.7e-6
333.   1.479987297   4.7e-6
334.   1.479789303   4.7e-6
335.   1.479598289   4.7e-6
336.   1.479408486   4.7e-6
337.   1.479218684   4.7e-6
338.   1.479028882   4.7e-6
339.   1.47883908   4.7e-6
340.   1.478649278   4.7e-6
341.   1.478466299   4.7e-6
342.   1.478287242   4.7e-6
343.   1.478108186   4.7e-6
344.   1.477929129   4.7e-6
345.   1.477750072   4.7e-6
346.   1.477571015   4.7e-6
347.   1.477398383   4.7e-6
348.   1.477236232   4.7e-6
349.   1.477074081   4.7e-6
350.   1.47691193   4.7e-6
351.   1.476749779   4.7e-6
352.   1.476587628   4.7e-6
353.   1.476425477   4.7e-6
354.   1.476263326   4.7e-6
355.   1.476101175   4.7e-6
356.   1.475939024   4.7e-6
357.   1.475776873   4.7e-6
358.   1.475614723   4.7e-6
359.   1.475452572   4.7e-6
360.   1.475290421   4.7e-6
361.   1.47512827   4.7e-6
362.   1.474978751   4.7e-6
363.   1.474829912   4.7e-6
364.   1.474681072   4.7e-6
365.   1.474532233   4.7e-6
366.   1.474407748   4.7e-6
367.   1.474283634   4.7e-6
368.   1.47415952   4.7e-6
369.   1.474035406   4.7e-6
370.   1.473911292   4.7e-6
371.   1.473787178   4.7e-6
372.   1.473663064   4.7e-6
373.   1.47353895   4.7e-6
374.   1.473414836   4.7e-6
375.   1.473290723   4.7e-6
376.   1.473166609   4.7e-6
377.   1.473042495   4.7e-6
378.   1.472918381   4.7e-6
379.   1.472794267   4.7e-6
380.   1.472670153   4.7e-6
381.   1.472546039   4.7e-6
382.   1.472421925   4.7e-6
383.   1.472297811   4.7e-6
384.   1.472173697   4.7e-6
385.   1.472049583   4.7e-6
386.   1.471925469   4.7e-6
387.   1.471801355   4.7e-6
388.   1.471677242   4.7e-6
389.   1.471553128   4.7e-6
390.   1.471429014   4.7e-6
391.   1.4713049   4.7e-6
392.   1.471180786   4.7e-6
393.   1.471056672   4.7e-6
394.   1.470932558   4.7e-6
395.   1.470808444   4.7e-6
396.   1.47068433   4.7e-6
397.   1.470560216   4.7e-6
398.   1.470436102   4.7e-6
399.   1.470311988   4.7e-6
400.   1.470187874   4.7e-6
401.   1.47006376   4.7e-6
402.   1.469939647   4.7e-6
403.   1.469815533   4.7e-6
404.   1.469691419   4.7e-6
405.   1.469577783   4.7e-6
406.   1.469484131   4.7e-6
407.   1.469390478   4.7e-6
408.   1.469296825   4.7e-6
409.   1.469203172   4.7e-6
410.   1.46910952   4.7e-6
411.   1.469015867   4.7e-6
412.   1.468922214   4.7e-6
413.   1.468828561   4.7e-6
414.   1.468734908   4.7e-6
415.   1.468641256   4.7e-6
416.   1.468547603   4.7e-6
417.   1.46845395   4.7e-6
418.   1.468360297   4.7e-6
419.   1.468266644   4.7e-6
420.   1.468172992   4.7e-6
421.   1.468079339   4.7e-6
422.   1.467985686   4.7e-6
423.   1.467892033   4.7e-6
424.   1.467798381   4.7e-6
425.   1.467704728   4.7e-6
426.   1.467611075   4.7e-6
427.   1.467517422   4.7e-6
428.   1.46742377   4.7e-6
429.   1.467330117   4.7e-6
430.   1.467236464   4.7e-6
431.   1.467142811   4.7e-6
432.   1.467049158   4.7e-6
433.   1.466955506   4.7e-6
434.   1.466861853   4.7e-6
435.   1.4667682   4.7e-6
436.   1.466677618   4.7e-6
437.   1.466602573   4.7e-6
438.   1.466527528   4.7e-6
439.   1.466452484   4.7e-6
440.   1.466377439   4.7e-6
441.   1.466302395   4.7e-6
442.   1.46622735   4.7e-6
443.   1.466152306   4.7e-6
444.   1.466077261   4.7e-6
445.   1.466002217   4.7e-6
446.   1.465927172   4.7e-6
447.   1.465852127   4.7e-6
448.   1.465777083   4.7e-6
449.   1.465702038   4.7e-6
450.   1.465626994   4.7e-6
451.   1.465551949   4.7e-6
452.   1.465476905   4.7e-6
453.   1.46540186   4.7e-6
454.   1.465326816   4.7e-6
455.   1.465251771   4.7e-6
456.   1.465176727   4.7e-6
457.   1.465101682   4.7e-6
458.   1.465026637   4.7e-6
459.   1.464951593   4.7e-6
460.   1.464876548   4.7e-6
461.   1.464801504   4.7e-6
462.   1.464726459   4.7e-6
463.   1.464651415   4.7e-6
464.   1.46457637   4.7e-6
465.   1.464501326   4.7e-6
466.   1.464426281   4.7e-6
467.   1.464351236   4.7e-6
468.   1.464278347   4.7e-6
469.   1.464215018   4.7e-6
470.   1.464151689   4.7e-6
471.   1.46408836   4.7e-6
472.   1.464025031   4.7e-6
473.   1.463961702   4.7e-6
474.   1.463898373   4.7e-6
475.   1.463835043   4.7e-6
476.   1.463771714   4.7e-6
477.   1.463708385   4.7e-6
478.   1.463645056   4.7e-6
479.   1.463581727   4.7e-6
480.   1.463518398   4.7e-6
481.   1.463455069   4.7e-6
482.   1.463391739   4.7e-6
483.   1.46332841   4.7e-6
484.   1.463265081   4.7e-6
485.   1.463201752   4.7e-6
486.   1.463138423   4.7e-6
487.   1.463081338   4.7e-6
488.   1.46302521   4.7e-6
489.   1.462969083   4.7e-6
490.   1.462912956   4.7e-6
491.   1.462856829   4.7e-6
492.   1.462800702   4.7e-6
493.   1.462744574   4.7e-6
494.   1.462688447   4.7e-6
495.   1.46263232   4.7e-6
496.   1.462576193   4.7e-6
497.   1.462520065   4.7e-6
498.   1.462463938   4.7e-6
499.   1.462407811   4.7e-6
500.   1.462351684   4.7e-6
501.   1.462295557   4.7e-6
502.   1.462239429   4.7e-6
503.   1.462183302   4.7e-6
504.   1.462127175   4.7e-6
505.   1.462071048   4.7e-6
506.   1.46201492   4.7e-6
507.   1.461958793   4.7e-6
508.   1.461902666   4.7e-6
509.   1.461850043   4.7e-6
510.   1.4618023   4.7e-6
511.   1.461754556   4.7e-6
512.   1.461706813   4.7e-6
513.   1.461659069   4.7e-6
514.   1.461611326   4.7e-6
515.   1.461563582   4.7e-6
516.   1.461515839   4.7e-6
517.   1.461468095   4.7e-6
518.   1.461420352   4.7e-6
519.   1.461372608   4.7e-6
520.   1.461324864   4.7e-6
521.   1.461277121   4.7e-6
522.   1.461229378   4.7e-6
523.   1.461181634   4.7e-6
524.   1.46113389   4.7e-6
525.   1.461086147   4.7e-6
526.   1.461038403   4.7e-6
527.   1.46099066   4.7e-6
528.   1.460942916   4.7e-6
529.   1.460895173   4.7e-6
530.   1.460847429   4.7e-6
531.   1.460799686   4.7e-6
532.   1.460751942   4.7e-6
533.   1.460704199   4.7e-6
534.   1.460656455   4.7e-6
535.   1.460608712   4.7e-6
536.   1.460560968   4.7e-6
537.   1.460513225   4.7e-6
538.   1.460465481   4.7e-6
539.   1.460417738   4.7e-6
540.   1.460369994   4.7e-6
541.   1.460322251   4.7e-6
542.   1.460274507   4.7e-6
543.   1.460226764   4.7e-6
544.   1.46017902   4.7e-6
545.   1.460131276   4.7e-6
546.   1.460083533   4.7e-6
547.   1.460043122   4.7e-6
548.   1.460003297   4.7e-6
549.   1.459963472   4.7e-6
550.   1.459923646   4.7e-6
551.   1.459883821   4.7e-6
552.   1.459843996   4.7e-6
553.   1.459804171   4.7e-6
554.   1.459764346   4.7e-6
555.   1.459724521   4.7e-6
556.   1.459684696   4.7e-6
557.   1.45964487   4.7e-6
558.   1.459605045   4.7e-6
559.   1.45956522   4.7e-6
560.   1.459525395   4.7e-6
561.   1.45948557   4.7e-6
562.   1.459445744   4.7e-6
563.   1.459405919   4.7e-6
564.   1.459366094   4.7e-6
565.   1.459326269   4.7e-6
566.   1.459286444   4.7e-6
567.   1.459246619   4.7e-6
568.   1.459206794   4.7e-6
569.   1.459166968   4.7e-6
570.   1.459127143   4.7e-6
571.   1.459087318   4.7e-6
572.   1.459047493   4.7e-6
573.   1.459007668   4.7e-6
574.   1.458967843   4.7e-6
575.   1.458928017   4.7e-6
576.   1.458888192   4.7e-6
577.   1.458848442   4.7e-6
578.   1.458810456   4.7e-6
579.   1.458772469   4.7e-6
580.   1.458736984   4.7e-6
581.   1.458701674   4.7e-6
582.   1.458666363   4.7e-6
583.   1.458631052   4.7e-6
584.   1.458595741   4.7e-6
585.   1.458560431   4.7e-6
586.   1.45852512   4.7e-6
587.   1.458489809   4.7e-6
588.   1.458454515   4.7e-6
589.   1.458419242   4.7e-6
590.   1.458387016   4.7e-6
591.   1.458355872   4.7e-6
592.   1.458324727   4.7e-6
593.   1.458293583   4.7e-6
594.   1.458262439   4.7e-6
595.   1.458231295   4.7e-6
596.   1.458200151   4.7e-6
597.   1.458169007   4.7e-6
598.   1.458137863   4.7e-6
599.   1.458106719   4.7e-6
600.   1.458075575   4.7e-6
601.   1.458044431   4.7e-6
602.   1.458013287   4.7e-6
603.   1.457982142   4.7e-6
604.   1.457950998   4.7e-6
605.   1.457919854   4.7e-6
606.   1.45788871   4.7e-6
607.   1.457857566   4.7e-6
608.   1.457826422   4.7e-6
609.   1.457795278   4.7e-6
610.   1.457764134   4.7e-6
611.   1.45773299   4.7e-6
612.   1.457701846   4.7e-6
613.   1.457670702   4.7e-6
614.   1.457639558   4.7e-6
615.   1.457608414   4.7e-6
616.   1.457577269   4.7e-6
617.   1.457546125   4.7e-6
618.   1.457514981   4.7e-6
619.   1.457483837   4.7e-6
620.   1.457452693   4.7e-6
621.   1.457421549   4.7e-6
622.   1.457390405   4.7e-6
623.   1.457359261   4.7e-6
624.   1.457328117   4.7e-6
625.   1.457296973   4.7e-6
626.   1.457265829   4.7e-6
627.   1.457234684   4.7e-6
628.   1.45720354   4.7e-6
629.   1.457172396   4.7e-6
630.   1.457141252   4.7e-6
631.   1.457110108   4.7e-6
632.   1.457078964   4.7e-6
633.   1.45704782   4.7e-6
634.   1.457016676   4.7e-6
635.   1.456985532   4.7e-6
636.   1.456954388   4.7e-6
637.   1.456923244   4.7e-6
638.   1.4568921   4.7e-6
639.   1.456860955   4.7e-6
640.   1.456829811   4.7e-6
641.   1.456798667   4.7e-6
642.   1.456767523   4.7e-6
643.   1.456736379   4.7e-6
644.   1.456705813   4.7e-6
645.   1.456678449   4.7e-6
646.   1.456651085   4.7e-6
647.   1.456623721   4.7e-6
648.   1.456596356   4.7e-6
649.   1.456568992   4.7e-6
650.   1.456541628   4.7e-6
651.   1.456514264   4.7e-6
652.   1.4564869   4.7e-6
653.   1.456459536   4.7e-6
654.   1.456432171   4.7e-6
655.   1.456404807   4.7e-6
656.   1.456377443   4.7e-6
657.   1.45635171   4.7e-6
658.   1.456326587   4.7e-6
659.   1.456301463   4.7e-6
660.   1.45627634   4.7e-6
661.   1.456251216   4.7e-6
662.   1.456226093   4.7e-6
663.   1.456200969   4.7e-6
664.   1.456175846   4.7e-6
665.   1.456150723   4.7e-6
666.   1.456125599   4.7e-6
667.   1.456100476   4.7e-6
668.   1.456075555   4.7e-6
669.   1.456051526   4.7e-6
670.   1.456027498   4.7e-6
671.   1.456003469   4.7e-6
672.   1.455979441   4.7e-6
673.   1.455955412   4.7e-6
674.   1.455931384   4.7e-6
675.   1.455907355   4.7e-6
676.   1.455883326   4.7e-6
677.   1.455859298   4.7e-6
678.   1.45583527   4.7e-6
679.   1.455811241   4.7e-6
680.   1.455787212   4.7e-6
681.   1.455763184   4.7e-6
682.   1.455739155   4.7e-6
683.   1.455715127   4.7e-6
684.   1.455691098   4.7e-6
685.   1.45566707   4.7e-6
686.   1.455643041   4.7e-6
687.   1.455619013   4.7e-6
688.   1.455594984   4.7e-6
689.   1.455570956   4.7e-6
690.   1.455546927   4.7e-6
691.   1.455522899   4.7e-6
692.   1.45549887   4.7e-6
693.   1.455474842   4.7e-6
694.   1.455450813   4.7e-6
695.   1.455426785   4.7e-6
696.   1.455402756   4.7e-6
697.   1.455378728   4.7e-6
698.   1.455354699   4.7e-6
699.   1.45533067   4.7e-6
700.   1.455306642   4.7e-6
701.   1.455282613   4.7e-6
702.   1.455258585   4.7e-6
703.   1.455234556   4.7e-6
704.   1.455210528   4.7e-6
705.   1.455186499   4.7e-6
706.   1.455162471   4.7e-6
707.   1.455141179   4.7e-6
708.   1.45512284   4.7e-6
709.   1.455104501   4.7e-6
710.   1.455086162   4.7e-6
711.   1.455067823   4.7e-6
712.   1.455049484   4.7e-6
713.   1.455031146   4.7e-6
714.   1.455012806   4.7e-6
715.   1.454994468   4.7e-6
716.   1.454976129   4.7e-6
717.   1.45495779   4.7e-6
718.   1.454939451   4.7e-6
719.   1.454921112   4.7e-6
720.   1.454902773   4.7e-6
721.   1.454884434   4.7e-6
722.   1.454866095   4.7e-6
723.   1.454847756   4.7e-6
724.   1.454829417   4.7e-6
725.   1.454811078   4.7e-6
726.   1.454792739   4.7e-6
727.   1.454774401   4.7e-6
728.   1.454756062   4.7e-6
729.   1.454737723   4.7e-6
730.   1.454719384   4.7e-6
731.   1.454701045   4.7e-6
732.   1.454682706   4.7e-6
733.   1.454664367   4.7e-6
734.   1.454646028   4.7e-6
735.   1.454627689   4.7e-6
736.   1.45460935   4.7e-6
737.   1.454591011   4.7e-6
738.   1.454572673   4.7e-6
739.   1.454554333   4.7e-6
740.   1.454535995   4.7e-6
741.   1.454517656   4.7e-6
742.   1.454499317   4.7e-6
743.   1.454480978   4.7e-6
744.   1.454462639   4.7e-6
745.   1.4544443   4.7e-6
746.   1.454425961   4.7e-6
747.   1.454407622   4.7e-6
748.   1.454389283   4.7e-6
749.   1.454370944   4.7e-6
750.   1.454352605   4.7e-6
751.   1.454334267   4.7e-6
752.   1.454315928   4.7e-6
753.   1.454297589   4.7e-6
754.   1.45427925   4.7e-6
755.   1.454260911   4.7e-6
756.   1.454242572   4.7e-6
757.   1.454224233   4.7e-6
758.   1.454205894   4.7e-6
759.   1.454187555   4.7e-6
760.   1.454169216   4.7e-6
761.   1.454150877   4.7e-6
762.   1.454132538   4.7e-6
763.   1.4541142   4.7e-6
764.   1.454095861   4.7e-6
765.   1.454077522   4.7e-6
766.   1.454059183   4.7e-6
767.   1.454040844   4.7e-6
768.   1.454022505   4.7e-6
769.   1.454004166   4.7e-6
770.   1.453985827   4.7e-6
771.   1.453967488   4.7e-6
772.   1.453949149   4.7e-6
773.   1.45393081   4.7e-6
774.   1.453912471   4.7e-6
775.   1.453894132   4.7e-6
776.   1.453875794   4.7e-6
777.   1.453857455   4.7e-6
778.   1.453839116   4.7e-6
779.   1.453820777   4.7e-6
780.   1.453802438   4.7e-6
781.   1.453784099   4.7e-6
782.   1.45376576   4.7e-6
783.   1.453747421   4.7e-6
784.   1.453729082   4.7e-6
785.   1.453710743   4.7e-6
786.   1.453692404   4.7e-6
787.   1.453674065   4.7e-6
788.   1.453655727   4.7e-6
789.   1.453637388   4.7e-6
790.   1.453619049   4.7e-6
791.   1.45360071   4.7e-6
792.   1.453582371   4.7e-6
793.   1.453564032   4.7e-6
794.   1.453545693   4.7e-6
795.   1.453527354   4.7e-6
796.   1.453509015   4.7e-6
797.   1.453490676   4.7e-6
798.   1.453472337   4.7e-6
799.   1.453453998   4.7e-6
800.   1.453435659   4.7e-6
801.   1.453417321   4.7e-6
802.   1.453398982   4.7e-6
803.   1.453380643   4.7e-6
804.   1.453362304   4.7e-6
805.   1.453343965   4.7e-6
806.   1.453325626   4.7e-6
807.   1.453307287   4.7e-6
808.   1.453288948   4.7e-6
809.   1.453270609   4.7e-6
810.   1.45325227   4.7e-6
811.   1.453233931   4.7e-6
812.   1.453215592   4.7e-6
813.   1.453197254   4.7e-6
814.   1.453178915   4.7e-6
815.   1.453160576   4.7e-6
816.   1.453142237   4.7e-6
817.   1.453123898   4.7e-6
818.   1.453105559   4.7e-6
819.   1.45308722   4.7e-6
820.   1.453068881   4.7e-6
821.   1.453050542   4.7e-6
822.   1.453032203   4.7e-6
823.   1.453013864   4.7e-6
824.   1.452995525   4.7e-6
825.   1.452977186   4.7e-6
826.   1.452958848   4.7e-6
827.   1.452940509   4.7e-6
828.   1.45292217   4.7e-6
829.   1.452903831   4.7e-6
830.   1.452885492   4.7e-6
831.   1.452867153   4.7e-6
832.   1.452848814   4.7e-6
833.   1.452830475   4.7e-6
834.   1.452812136   4.7e-6
835.   1.452793797   4.7e-6
836.   1.452775458   4.7e-6
837.   1.452757119   4.7e-6
838.   1.45273878   4.7e-6
839.   1.452720442   4.7e-6
840.   1.452702103   4.7e-6
841.   1.452683764   4.7e-6
842.   1.452665425   4.7e-6
843.   1.452647086   4.7e-6
844.   1.452628747   4.7e-6
845.   1.452610408   4.7e-6
846.   1.452592069   4.7e-6
847.   1.45257373   4.7e-6
848.   1.452555391   4.7e-6
849.   1.452537052   4.7e-6
850.   1.452518714   4.7e-6
851.   1.452500374   4.7e-6
852.   1.452482036   4.7e-6
853.   1.45246674   4.7e-6
854.   1.452451825   4.7e-6
855.   1.45243691   4.7e-6
856.   1.452421995   4.7e-6
857.   1.45240708   4.7e-6
858.   1.452392165   4.7e-6
859.   1.45237725   4.7e-6
860.   1.452362335   4.7e-6
861.   1.452347419   4.7e-6
862.   1.452332504   4.7e-6
863.   1.452317589   4.7e-6
864.   1.452302674   4.7e-6
865.   1.452287759   4.7e-6
866.   1.452272844   4.7e-6
867.   1.452257929   4.7e-6
868.   1.452243014   4.7e-6
869.   1.452228098   4.7e-6
870.   1.452213183   4.7e-6
871.   1.452198268   4.7e-6
872.   1.452183353   4.7e-6
873.   1.452168438   4.7e-6
874.   1.452153523   4.7e-6
875.   1.452138608   4.7e-6
876.   1.452123693   4.7e-6
877.   1.452108777   4.7e-6
878.   1.452093862   4.7e-6
879.   1.452078947   4.7e-6
880.   1.452064032   4.7e-6
881.   1.452049117   4.7e-6
882.   1.452034202   4.7e-6
883.   1.452019287   4.7e-6
884.   1.452004372   4.7e-6
885.   1.451989456   4.7e-6
886.   1.451974541   4.7e-6
887.   1.451959626   4.7e-6
888.   1.451944711   4.7e-6
889.   1.451929796   4.7e-6
890.   1.451914881   4.7e-6
891.   1.451899966   4.7e-6
892.   1.451885051   4.7e-6
893.   1.451870135   4.7e-6
894.   1.45185522   4.7e-6
895.   1.451841306   4.7e-6
896.   1.451827932   4.7e-6
897.   1.451814557   4.7e-6
898.   1.451801183   4.7e-6
899.   1.451787808   4.7e-6
900.   1.451774434   4.7e-6
901.   1.451761059   4.7e-6
902.   1.451747684   4.7e-6
903.   1.45173431   4.7e-6
904.   1.451720935   4.7e-6
905.   1.451707561   4.7e-6
906.   1.451694186   4.7e-6
907.   1.451680812   4.7e-6
908.   1.451667437   4.7e-6
909.   1.451654063   4.7e-6
910.   1.451640688   4.7e-6
911.   1.451627313   4.7e-6
912.   1.451613939   4.7e-6
913.   1.451600564   4.7e-6
914.   1.45158719   4.7e-6
915.   1.451573815   4.7e-6
916.   1.451560441   4.7e-6
917.   1.451547066   4.7e-6
918.   1.451533691   4.7e-6
919.   1.451520317   4.7e-6
920.   1.451506942   4.7e-6
921.   1.451493568   4.7e-6
922.   1.451480193   4.7e-6
923.   1.451466818   4.7e-6
924.   1.451453444   4.7e-6
925.   1.451440069   4.7e-6
926.   1.451426695   4.7e-6
927.   1.45141332   4.7e-6
928.   1.451399946   4.7e-6
929.   1.451386571   4.7e-6
930.   1.451373196   4.7e-6
931.   1.451359822   4.7e-6
932.   1.451346447   4.7e-6
933.   1.451333073   4.7e-6
934.   1.451319698   4.7e-6
935.   1.451306324   4.7e-6
936.   1.451292949   4.7e-6
937.   1.451279574   4.7e-6
938.   1.4512662   4.7e-6
939.   1.451252825   4.7e-6
940.   1.451239451   4.7e-6
941.   1.451226076   4.7e-6
942.   1.451212702   4.7e-6
943.   1.451199327   4.7e-6
944.   1.451185952   4.7e-6
945.   1.451172578   4.7e-6
946.   1.451159203   4.7e-6
947.   1.451145829   4.7e-6
948.   1.451132454   4.7e-6
949.   1.45111908   4.7e-6
950.   1.451105705   4.7e-6
951.   1.451092331   4.7e-6
952.   1.451078956   4.7e-6
953.   1.451065581   4.7e-6
954.   1.451052207   4.7e-6
955.   1.451038832   4.7e-6
956.   1.451025458   4.7e-6
957.   1.451012083   4.7e-6
958.   1.450998709   4.7e-6
959.   1.450985334   4.7e-6
960.   1.450971959   4.7e-6
961.   1.450958585   4.7e-6
962.   1.45094521   4.7e-6
963.   1.450931836   4.7e-6
964.   1.450918461   4.7e-6
965.   1.450905086   4.7e-6
966.   1.450891712   4.7e-6
967.   1.450878337   4.7e-6
968.   1.450864963   4.7e-6
969.   1.450851588   4.7e-6
970.   1.450838214   4.7e-6
971.   1.450824839   4.7e-6
972.   1.450811464   4.7e-6
973.   1.45079809   4.7e-6
974.   1.450784715   4.7e-6
975.   1.450771341   4.7e-6
976.   1.450757966   4.7e-6
977.   1.450744592   4.7e-6
978.   1.450731217   4.7e-6
979.   1.450717842   4.7e-6
980.   1.450704468   4.7e-6
981.   1.450691093   4.7e-6
982.   1.450677719   4.7e-6
983.   1.450664344   4.7e-6
984.   1.45065097   4.7e-6
985.   1.450637595   4.7e-6
986.   1.45062422   4.7e-6
987.   1.450610846   4.7e-6
988.   1.450597471   4.7e-6
989.   1.450584097   4.7e-6
990.   1.450570722   4.7e-6
991.   1.450557348   4.7e-6
992.   1.450543973   4.7e-6
993.   1.450530599   4.7e-6
994.   1.450517224   4.7e-6
995.   1.450503849   4.7e-6
996.   1.450490475   4.7e-6
997.   1.4504771   4.7e-6
998.   1.450463726   4.7e-6
999.   1.450450351   4.7e-6
1000.   1.450436976   4.7e-6
1001.   1.450423602   4.7e-6
1002.   1.450410227   4.7e-6
1003.   1.450396853   4.7e-6
1004.   1.450383478   4.7e-6
1005.   1.450370104   4.7e-6
1006.   1.450356729   4.7e-6
1007.   1.450343354   4.7e-6
1008.   1.45032998   4.7e-6
1009.   1.450316605   4.7e-6
1010.   1.450303231   4.7e-6
1011.   1.450289856   4.7e-6
1012.   1.450276482   4.7e-6
1013.   1.450263107   4.7e-6
1014.   1.450249757   4.7e-6
1015.   1.450237581   4.7e-6
1016.   1.450225405   4.7e-6
1017.   1.45021323   4.7e-6
1018.   1.450201054   4.7e-6
1019.   1.450188878   4.7e-6
1020.   1.450176702   4.7e-6
1021.   1.450164527   4.7e-6
1022.   1.450152351   4.7e-6
1023.   1.450140175   4.7e-6
1024.   1.450128   4.7e-6
1025.   1.450115824   4.7e-6
1026.   1.450103648   4.7e-6
1027.   1.450091473   4.7e-6
1028.   1.450079297   4.7e-6
1029.   1.450067121   4.7e-6
1030.   1.450054946   4.7e-6
1031.   1.45004277   4.7e-6
1032.   1.450030594   4.7e-6
1033.   1.450018419   4.7e-6
1034.   1.450006243   4.7e-6
1035.   1.449994067   4.7e-6
1036.   1.449981892   4.7e-6
1037.   1.449969716   4.7e-6
1038.   1.44995754   4.7e-6
1039.   1.449945365   4.7e-6
1040.   1.449933189   4.7e-6
1041.   1.449921013   4.7e-6
1042.   1.449908838   4.7e-6
1043.   1.449896662   4.7e-6
1044.   1.449884486   4.7e-6
1045.   1.449872311   4.7e-6
1046.   1.449860135   4.7e-6
1047.   1.449847959   4.7e-6
1048.   1.449835783   4.7e-6
1049.   1.449823608   4.7e-6
1050.   1.449811432   4.7e-6
1051.   1.449799256   4.7e-6
1052.   1.449787081   4.7e-6
1053.   1.449774905   4.7e-6
1054.   1.449762729   4.7e-6
1055.   1.449750554   4.7e-6
1056.   1.449738378   4.7e-6
1057.   1.449726202   4.7e-6
1058.   1.449714027   4.7e-6
1059.   1.449701851   4.7e-6
1060.   1.449689675   4.7e-6
1061.   1.4496775   4.7e-6
1062.   1.449665324   4.7e-6
1063.   1.449653148   4.7e-6
1064.   1.449640973   4.7e-6
1065.   1.449628797   4.7e-6
1066.   1.449616621   4.7e-6
1067.   1.449604446   4.7e-6
1068.   1.44959227   4.7e-6
1069.   1.449580094   4.7e-6
1070.   1.449567919   4.7e-6
1071.   1.449555743   4.7e-6
1072.   1.449543567   4.7e-6
1073.   1.449531392   4.7e-6
1074.   1.449519216   4.7e-6
1075.   1.44950704   4.7e-6
1076.   1.449494865   4.7e-6
1077.   1.449482689   4.7e-6
1078.   1.449470513   4.7e-6
1079.   1.449458337   4.7e-6
1080.   1.449446162   4.7e-6
1081.   1.449433986   4.7e-6
1082.   1.44942181   4.7e-6
1083.   1.449409652   4.7e-6
1084.   1.449398052   4.7e-6
1085.   1.449386452   4.7e-6
1086.   1.449374852   4.7e-6
1087.   1.449363252   4.7e-6
1088.   1.449351652   4.7e-6
1089.   1.449340052   4.7e-6
1090.   1.449328453   4.7e-6
1091.   1.449316853   4.7e-6
1092.   1.449305253   4.7e-6
1093.   1.449293653   4.7e-6
1094.   1.449282053   4.7e-6
1095.   1.449270453   4.7e-6
1096.   1.449258853   4.7e-6
1097.   1.449247253   4.7e-6
1098.   1.449235653   4.7e-6
1099.   1.449224053   4.7e-6
1100.   1.449212454   4.7e-6
1101.   1.449200854   4.7e-6
1102.   1.449189254   4.7e-6
1103.   1.449177654   4.7e-6
1104.   1.449166054   4.7e-6
1105.   1.449154454   4.7e-6
1106.   1.449142854   4.7e-6
1107.   1.449131254   4.7e-6
1108.   1.449119654   4.7e-6
1109.   1.449108054   4.7e-6
1110.   1.449096454   4.7e-6
1111.   1.449084854   4.7e-6
1112.   1.449073254   4.7e-6
1113.   1.449061655   4.7e-6
1114.   1.449050055   4.7e-6
1115.   1.449038455   4.7e-6
1116.   1.449026855   4.7e-6
1117.   1.449015255   4.7e-6
1118.   1.449003655   4.7e-6
1119.   1.448992055   4.7e-6
1120.   1.448980455   4.7e-6
1121.   1.448968855   4.7e-6
1122.   1.448957255   4.7e-6
1123.   1.448945656   4.7e-6
1124.   1.448934056   4.7e-6
1125.   1.448922456   4.7e-6
1126.   1.448910856   4.7e-6
1127.   1.448899256   4.7e-6
