310.   5.074    3.559
311.   5.0768   3.53
312.   5.0796   3.501
313.   5.0824   3.472
314.   5.0852   3.443
315.   5.088    3.414
316.   5.0908   3.385
317.   5.0936   3.356
318.   5.0964   3.327
319.   5.0992   3.298
320.   5.102    3.269
321.   5.1097   3.2506
322.   5.1174   3.2322
323.   5.1251   3.2138
324.   5.1328   3.1954
325.   5.1405   3.177
326.   5.1482   3.1586
327.   5.1559   3.1402
328.   5.1636   3.1218
329.   5.1713   3.1034
330.   5.179    3.085
331.   5.1904   3.0716
332.   5.2018   3.0582
333.   5.2132   3.0448
334.   5.2246   3.0314
335.   5.236    3.018
336.   5.2474   3.0046
337.   5.2588   2.9912
338.   5.2702   2.9778
339.   5.2816   2.9644
340.   5.293    2.951
341.   5.312    2.9463
342.   5.331    2.9416
343.   5.35     2.9369
344.   5.369    2.9322
345.   5.388    2.9275
346.   5.407    2.9228
347.   5.426    2.9181
348.   5.445    2.9134
349.   5.464    2.9087
350.   5.483    2.904
351.   5.5361   2.9048
352.   5.5892   2.9056
353.   5.6423   2.9064
354.   5.6954   2.9072
355.   5.7485   2.908
356.   5.8016   2.9088
357.   5.8547   2.9096
358.   5.9078   2.9104
359.   5.9609   2.9112
360.   6.014    2.912
361.   6.0989   2.8259
362.   6.1838   2.7398
363.   6.2687   2.6537
364.   6.3536   2.5676
365.   6.4385   2.4815
366.   6.5234   2.3954
367.   6.6083   2.3093
368.   6.6932   2.2232
369.   6.7781   2.1371
370.   6.863    2.051
371.   6.8315   1.9344
372.   6.8      1.8178
373.   6.7685   1.7012
374.   6.737    1.5846
375.   6.7055   1.468
376.   6.674    1.3514
377.   6.6425   1.2348
378.   6.611    1.1182
379.   6.5795   1.0016
380.   6.548    0.885
381.   6.4908   0.843
382.   6.4336   0.801
383.   6.3764   0.759
384.   6.3192   0.717
385.   6.262    0.675
386.   6.2048   0.633
387.   6.1476   0.591
388.   6.0904   0.549
389.   6.0332   0.507
390.   5.976    0.465
391.   5.9371   0.4488
392.   5.8982   0.4326
393.   5.8593   0.4164
394.   5.8204   0.4002
395.   5.7815   0.384
396.   5.7426   0.3678
397.   5.7037   0.3516
398.   5.6648   0.3354
399.   5.6259   0.3192
400.   5.587    0.303
401.   5.5588   0.2947
402.   5.5306   0.2864
403.   5.5024   0.2781
404.   5.4742   0.2698
405.   5.446    0.2615
406.   5.4178   0.2532
407.   5.3896   0.2449
408.   5.3614   0.2366
409.   5.3332   0.2283
410.   5.305    0.22
411.   5.2836   0.2147
412.   5.2622   0.2094
413.   5.2408   0.2041
414.   5.2194   0.1988
415.   5.198    0.1935
416.   5.1766   0.1882
417.   5.1552   0.1829
418.   5.1338   0.1776
419.   5.1124   0.1723
420.   5.091    0.167
421.   5.0744   0.1637
422.   5.0578   0.1604
423.   5.0412   0.1571
424.   5.0246   0.1538
425.   5.008    0.1505
426.   4.9914   0.1472
427.   4.9748   0.1439
428.   4.9582   0.1406
429.   4.9416   0.1373
430.   4.925    0.134
431.   4.9118   0.1315
432.   4.8986   0.129
433.   4.8854   0.1265
434.   4.8722   0.124
435.   4.859    0.1215
436.   4.8458   0.119
437.   4.8326   0.1165
438.   4.8194   0.114
439.   4.8062   0.1115
440.   4.793    0.109
441.   4.7813   0.1072
442.   4.7696   0.1054
443.   4.7579   0.1036
444.   4.7462   0.1018
445.   4.7345   0.1
446.   4.7228   0.0982
447.   4.7111   0.0964
448.   4.6994   0.0946
449.   4.6877   0.0928
450.   4.676    0.091
451.   4.6661   0.0896
452.   4.6562   0.0882
453.   4.6463   0.0868
454.   4.6364   0.0854
455.   4.6265   0.084
456.   4.6166   0.0826
457.   4.6067   0.0812
458.   4.5968   0.0798
459.   4.5869   0.0784
460.   4.577    0.077
461.   4.5684   0.0757
462.   4.5598   0.0744
463.   4.5512   0.0731
464.   4.5426   0.0718
465.   4.534    0.0705
466.   4.5254   0.0692
467.   4.5168   0.0679
468.   4.5082   0.0666
469.   4.4996   0.0653
470.   4.491    0.064
471.   4.4835   0.0633
472.   4.476    0.0626
473.   4.4685   0.0619
474.   4.461    0.0612
475.   4.4535   0.0605
476.   4.446    0.0598
477.   4.4385   0.0591
478.   4.431    0.0584
479.   4.4235   0.0577
480.   4.416    0.057
481.   4.4092   0.0563
482.   4.4024   0.0556
483.   4.3956   0.0549
484.   4.3888   0.0542
485.   4.382    0.0535
486.   4.3752   0.0528
487.   4.3684   0.0521
488.   4.3616   0.0514
489.   4.3548   0.0507
490.   4.348    0.05
491.   4.3425   0.0495
492.   4.337    0.049
493.   4.3315   0.0485
494.   4.326    0.048
495.   4.3205   0.0475
496.   4.315    0.047
497.   4.3095   0.0465
498.   4.304    0.046
499.   4.2985   0.0455
500.   4.293    0.045
501.   4.2876   0.0444
502.   4.2822   0.0438
503.   4.2768   0.0432
504.   4.2714   0.0426
505.   4.266    0.042
506.   4.2606   0.0414
507.   4.2552   0.0408
508.   4.2498   0.0402
509.   4.2444   0.0396
510.   4.239    0.039
511.   4.2343   0.0387
512.   4.2296   0.0384
513.   4.2249   0.0381
514.   4.2202   0.0378
515.   4.2155   0.0375
516.   4.2108   0.0372
517.   4.2061   0.0369
518.   4.2014   0.0366
519.   4.1967   0.0363
520.   4.192    0.036
521.   4.1878   0.0357
522.   4.1836   0.0354
523.   4.1794   0.0351
524.   4.1752   0.0348
525.   4.171    0.0345
526.   4.1668   0.0342
527.   4.1626   0.0339
528.   4.1584   0.0336
529.   4.1542   0.0333
530.   4.15     0.033
531.   4.146    0.0327
532.   4.142    0.0324
533.   4.138    0.0321
534.   4.134    0.0318
535.   4.13     0.0315
536.   4.126    0.0312
537.   4.122    0.0309
538.   4.118    0.0306
539.   4.114    0.0303
540.   4.11     0.03
541.   4.1067   0.0298
542.   4.1034   0.0296
543.   4.1001   0.0294
544.   4.0968   0.0292
545.   4.0935   0.029
546.   4.0902   0.0288
547.   4.0869   0.0286
548.   4.0836   0.0284
549.   4.0803   0.0282
550.   4.077    0.028
551.   4.0737   0.0278
552.   4.0704   0.0276
553.   4.0671   0.0274
554.   4.0638   0.0272
555.   4.0605   0.027
556.   4.0572   0.0268
557.   4.0539   0.0266
558.   4.0506   0.0264
559.   4.0473   0.0262
560.   4.044    0.026
561.   4.0411   0.0258
562.   4.0382   0.0256
563.   4.0353   0.0254
564.   4.0324   0.0252
565.   4.0295   0.025
566.   4.0266   0.0248
567.   4.0237   0.0246
568.   4.0208   0.0244
569.   4.0179   0.0242
570.   4.015    0.024
571.   4.0121   0.0239
572.   4.0092   0.0238
573.   4.0063   0.0237
574.   4.0034   0.0236
575.   4.0005   0.0235
576.   3.9976   0.0234
577.   3.9947   0.0233
578.   3.9918   0.0232
579.   3.9889   0.0231
580.   3.986    0.023
581.   3.9836   0.0228
582.   3.9812   0.0226
583.   3.9788   0.0224
584.   3.9764   0.0222
585.   3.974    0.022
586.   3.9716   0.0218
587.   3.9692   0.0216
588.   3.9668   0.0214
589.   3.9644   0.0212
590.   3.962    0.021
591.   3.9597   0.0209
592.   3.9574   0.0208
593.   3.9551   0.0207
594.   3.9528   0.0206
595.   3.9505   0.0205
596.   3.9482   0.0204
597.   3.9459   0.0203
598.   3.9436   0.0202
599.   3.9413   0.0201
600.   3.939    0.02
601.   3.9367   0.0198
602.   3.9344   0.0196
603.   3.9321   0.0194
604.   3.9298   0.0192
605.   3.9275   0.019
606.   3.9252   0.0188
607.   3.9229   0.0186
608.   3.9206   0.0184
609.   3.9183   0.0182
610.   3.916    0.018
611.   3.9139   0.0179
612.   3.9118   0.0178
613.   3.9097   0.0177
614.   3.9076   0.0176
615.   3.9055   0.0175
616.   3.9034   0.0174
617.   3.9013   0.0173
618.   3.8992   0.0172
619.   3.8971   0.0171
620.   3.895    0.017
621.   3.8934   0.0169
622.   3.8918   0.0168
623.   3.8902   0.0167
624.   3.8886   0.0166
625.   3.887    0.0165
626.   3.8854   0.0164
627.   3.8838   0.0163
628.   3.8822   0.0162
629.   3.8806   0.0161
630.   3.879    0.016
631.   3.8772   0.0159
632.   3.8754   0.0158
633.   3.8736   0.0157
634.   3.8718   0.0156
635.   3.87     0.0155
636.   3.8682   0.0154
637.   3.8664   0.0153
638.   3.8646   0.0152
639.   3.8628   0.0151
640.   3.861    0.015
641.   3.8593   0.015
642.   3.8576   0.015
643.   3.8559   0.015
644.   3.8542   0.015
645.   3.8525   0.015
646.   3.8508   0.015
647.   3.8491   0.015
648.   3.8474   0.015
649.   3.8457   0.015
650.   3.844    0.015
651.   3.8426   0.0149
652.   3.8412   0.0148
653.   3.8398   0.0147
654.   3.8384   0.0146
655.   3.837    0.0145
656.   3.8356   0.0144
657.   3.8342   0.0143
658.   3.8328   0.0142
659.   3.8314   0.0141
660.   3.83     0.014
661.   3.8285   0.0139
662.   3.827    0.0138
663.   3.8255   0.0137
664.   3.824    0.0136
665.   3.8225   0.0135
666.   3.821    0.0134
667.   3.8195   0.0133
668.   3.818    0.0132
669.   3.8165   0.0131
670.   3.815    0.013
671.   3.8135   0.0129
672.   3.812    0.0128
673.   3.8105   0.0127
674.   3.809    0.0126
675.   3.8075   0.0125
676.   3.806    0.0124
677.   3.8045   0.0123
678.   3.803    0.0122
679.   3.8015   0.0121
680.   3.8      0.012
681.   3.7987   0.0119
682.   3.7974   0.0118
683.   3.7961   0.0117
684.   3.7948   0.0116
685.   3.7935   0.0115
686.   3.7922   0.0114
687.   3.7909   0.0113
688.   3.7896   0.0112
689.   3.7883   0.0111
690.   3.787    0.011
691.   3.7857   0.011
692.   3.7844   0.011
693.   3.7831   0.011
694.   3.7818   0.011
695.   3.7805   0.011
696.   3.7792   0.011
697.   3.7779   0.011
698.   3.7766   0.011
699.   3.7753   0.011
700.   3.774    0.011
701.   3.7728   0.011
702.   3.7716   0.011
703.   3.7704   0.011
704.   3.7692   0.011
705.   3.768    0.011
706.   3.7668   0.011
707.   3.7656   0.011
708.   3.7644   0.011
709.   3.7632   0.011
710.   3.762    0.011
711.   3.7609   0.0109
712.   3.7598   0.0108
713.   3.7587   0.0107
714.   3.7576   0.0106
715.   3.7565   0.0105
716.   3.7554   0.0104
717.   3.7543   0.0103
718.   3.7532   0.0102
719.   3.7521   0.0101
720.   3.751    0.01
721.   3.75     0.0099
722.   3.749    0.0098
723.   3.748    0.0097
724.   3.747    0.0096
725.   3.746    0.0095
726.   3.745    0.0094
727.   3.744    0.0093
728.   3.743    0.0092
729.   3.742    0.0091
730.   3.741    0.009
731.   3.7401   0.0089
732.   3.7392   0.0088
733.   3.7383   0.0087
734.   3.7374   0.0086
735.   3.7365   0.0085
736.   3.7356   0.0084
737.   3.7347   0.0083
738.   3.7338   0.0082
739.   3.7329   0.0081
740.   3.732    0.008
741.   3.7311   0.008
742.   3.7302   0.008
743.   3.7293   0.008
744.   3.7284   0.008
745.   3.7275   0.008
746.   3.7266   0.008
747.   3.7257   0.008
748.   3.7248   0.008
749.   3.7239   0.008
750.   3.723    0.008
751.   3.7221   0.0079
752.   3.7212   0.0078
753.   3.7203   0.0077
754.   3.7194   0.0076
755.   3.7185   0.0075
756.   3.7176   0.0074
757.   3.7167   0.0073
758.   3.7158   0.0072
759.   3.7149   0.0071
760.   3.714    0.007
761.   3.7131   0.007
762.   3.7122   0.007
763.   3.7113   0.007
764.   3.7104   0.007
765.   3.7095   0.007
766.   3.7086   0.007
767.   3.7077   0.007
768.   3.7068   0.007
769.   3.7059   0.007
770.   3.705    0.007
771.   3.7041   0.0069
772.   3.7032   0.0068
773.   3.7023   0.0067
774.   3.7014   0.0066
775.   3.7005   0.0065
776.   3.6996   0.0064
777.   3.6987   0.0063
778.   3.6978   0.0062
779.   3.6969   0.0061
780.   3.696    0.006
781.   3.6952   0.006
782.   3.6944   0.006
783.   3.6936   0.006
784.   3.6928   0.006
785.   3.692    0.006
786.   3.6912   0.006
787.   3.6904   0.006
788.   3.6896   0.006
789.   3.6888   0.006
790.   3.688    0.006
791.   3.6873   0.0059
792.   3.6866   0.0058
793.   3.6859   0.0057
794.   3.6852   0.0056
795.   3.6845   0.0055
796.   3.6838   0.0054
797.   3.6831   0.0053
798.   3.6824   0.0052
799.   3.6817   0.0051
800.   3.681    0.005
801.   3.6803   0.005
802.   3.6796   0.005
803.   3.6789   0.005
804.   3.6782   0.005
805.   3.6775   0.005
806.   3.6768   0.005
807.   3.6761   0.005
808.   3.6754   0.005
809.   3.6747   0.005
810.   3.674    0.005
811.   3.6734   0.005
812.   3.6728   0.005
813.   3.6722   0.005
814.   3.6716   0.005
815.   3.671    0.005
816.   3.6704   0.005
817.   3.6698   0.005
818.   3.6692   0.005
819.   3.6686   0.005
820.   3.668    0.005
821.   3.6674   0.0049
822.   3.6668   0.0048
823.   3.6662   0.0047
824.   3.6656   0.0046
825.   3.665    0.0045
826.   3.6644   0.0044
827.   3.6638   0.0043
828.   3.6632   0.0042
829.   3.6626   0.0041
830.   3.662    0.004
831.   3.6614   0.004
832.   3.6608   0.004
833.   3.6602   0.004
834.   3.6596   0.004
835.   3.659    0.004
836.   3.6584   0.004
837.   3.6578   0.004
838.   3.6572   0.004
839.   3.6566   0.004
840.   3.656    0.004
841.   3.6554   0.004
842.   3.6548   0.004
843.   3.6542   0.004
844.   3.6536   0.004
845.   3.653    0.004
846.   3.6524   0.004
847.   3.6518   0.004
848.   3.6512   0.004
849.   3.6506   0.004
850.   3.65     0.004
851.   3.6494   0.0039
852.   3.6488   0.0038
853.   3.6482   0.0037
854.   3.6476   0.0036
855.   3.647    0.0035
856.   3.6464   0.0034
857.   3.6458   0.0033
858.   3.6452   0.0032
859.   3.6446   0.0031
860.   3.644    0.003
861.   3.6434   0.003
862.   3.6428   0.003
863.   3.6422   0.003
864.   3.6416   0.003
865.   3.641    0.003
866.   3.6404   0.003
867.   3.6398   0.003
868.   3.6392   0.003
869.   3.6386   0.003
870.   3.638    0.003
871.   3.6374   0.003
872.   3.6368   0.003
873.   3.6362   0.003
874.   3.6356   0.003
875.   3.635    0.003
876.   3.6344   0.003
877.   3.6338   0.003
878.   3.6332   0.003
879.   3.6326   0.003
880.   3.632    0.003
881.   3.6314   0.0029
882.   3.6308   0.0028
883.   3.6302   0.0027
884.   3.6296   0.0026
885.   3.629    0.0025
886.   3.6284   0.0024
887.   3.6278   0.0023
888.   3.6272   0.0022
889.   3.6266   0.0021
890.   3.626    0.002
891.   3.6254   0.002
892.   3.6248   0.002
893.   3.6242   0.002
894.   3.6236   0.002
895.   3.623    0.002
896.   3.6224   0.002
897.   3.6218   0.002
898.   3.6212   0.002
899.   3.6206   0.002
900.   3.62     0.002
901.   3.6194   0.002
902.   3.6188   0.002
903.   3.6182   0.002
904.   3.6176   0.002
905.   3.617    0.002
906.   3.6164   0.002
907.   3.6158   0.002
908.   3.6152   0.002
909.   3.6146   0.002
910.   3.614    0.002
911.   3.6134   0.002
912.   3.6128   0.002
913.   3.6122   0.002
914.   3.6116   0.002
915.   3.611    0.002
916.   3.6104   0.002
917.   3.6098   0.002
918.   3.6092   0.002
919.   3.6086   0.002
920.   3.608    0.002
921.   3.6074   0.002
922.   3.6068   0.002
923.   3.6062   0.002
924.   3.6056   0.002
925.   3.605    0.002
926.   3.6044   0.002
927.   3.6038   0.002
928.   3.6032   0.002
929.   3.6026   0.002
930.   3.602    0.002
931.   3.6015   0.0019
932.   3.601    0.0018
933.   3.6005   0.0017
934.   3.6      0.0016
935.   3.5995   0.0015
936.   3.599    0.0014
937.   3.5985   0.0013
938.   3.598    0.0012
939.   3.5975   0.0011
940.   3.597    0.001
941.   3.5965   0.001
942.   3.596    0.001
943.   3.5955   0.001
944.   3.595    0.001
945.   3.5945   0.001
946.   3.594    0.001
947.   3.5935   0.001
948.   3.593    0.001
949.   3.5925   0.001
950.   3.592    0.001
951.   3.5915   0.001
952.   3.591    0.001
953.   3.5905   0.001
954.   3.59     0.001
955.   3.5895   0.001
956.   3.589    0.001
957.   3.5885   0.001
958.   3.588    0.001
959.   3.5875   0.001
960.   3.587    0.001
961.   3.5865   0.001
962.   3.586    0.001
963.   3.5855   0.001
964.   3.585    0.001
965.   3.5845   0.001
966.   3.584    0.001
967.   3.5835   0.001
968.   3.583    0.001
969.   3.5825   0.001
970.   3.582    0.001
971.   3.5816   0.001
972.   3.5812   0.001
973.   3.5808   0.001
974.   3.5804   0.001
975.   3.58     0.001
976.   3.5796   0.001
977.   3.5792   0.001
978.   3.5788   0.001
979.   3.5784   0.001
980.   3.578    0.001
981.   3.5776   0.001
982.   3.5772   0.001
983.   3.5768   0.001
984.   3.5764   0.001
985.   3.576    0.001
986.   3.5756   0.001
987.   3.5752   0.001
988.   3.5748   0.001
989.   3.5744   0.001
990.   3.574    0.001
991.   3.5736   0.001
992.   3.5732   0.001
993.   3.5728   0.001
994.   3.5724   0.001
995.   3.572    0.001
996.   3.5716   0.001
997.   3.5712   0.001
998.   3.5708   0.001
999.   3.5704   0.001
1000.   3.57    0.001
1001.   3.5696  0.0009
1002.   3.5692  0.0008
1003.   3.5688  0.0007
1004.   3.5684  0.0006
1005.   3.568   0.0005
1006.   3.5676  0.0004
1007.   3.5672  0.0003
1008.   3.5668  0.0002
1009.   3.5664  0.0001
1010.   3.566   0
1011.   3.5657  0
1012.   3.5654  0
1013.   3.5651  0
1014.   3.5648  0
1015.   3.5645  0
1016.   3.5642  0
1017.   3.5639  0
1018.   3.5636  0
1019.   3.5633  0
1020.   3.563   0
1021.   3.5627  0
1022.   3.5624  0
1023.   3.5621  0
1024.   3.5618  0
1025.   3.5615  0
1026.   3.5612  0
1027.   3.5609  0
1028.   3.5606  0
1029.   3.5603  0
1030.   3.56    0
1031.   3.5597  0
1032.   3.5594  0
1033.   3.5591  0
1034.   3.5588  0
1035.   3.5585  0
1036.   3.5582  0
1037.   3.5579  0
1038.   3.5576  0
1039.   3.5573  0
1040.   3.557   0
1041.   3.5567  0
1042.   3.5564  0
1043.   3.5561  0
1044.   3.5558  0
1045.   3.5555  0
1046.   3.5552  0
1047.   3.5549  0
1048.   3.5546  0
1049.   3.5543  0
1050.   3.554   0
1051.   3.5537  0
1052.   3.5534  0
1053.   3.5531  0
1054.   3.5528  0
1055.   3.5525  0
1056.   3.5522  0
1057.   3.5519  0
1058.   3.5516  0
1059.   3.5513  0
1060.   3.551   0
1061.   3.5507  0
1062.   3.5504  0
1063.   3.5501  0
1064.   3.5498  0
1065.   3.5495  0
1066.   3.5492  0
1067.   3.5489  0
1068.   3.5486  0
1069.   3.5483  0
1070.   3.548   0
1071.   3.5478  0
1072.   3.5476  0
1073.   3.5474  0
1074.   3.5472  0
1075.   3.547   0
1076.   3.5468  0
1077.   3.5466  0
1078.   3.5464  0
1079.   3.5462  0
1080.   3.546   0
1081.   3.5458  0
1082.   3.5456  0
1083.   3.5454  0
1084.   3.5452  0
1085.   3.545   0
1086.   3.5448  0
1087.   3.5446  0
1088.   3.5444  0
1089.   3.5442  0
1090.   3.544   0
1091.   3.5437  0
1092.   3.5434  0
1093.   3.5431  0
1094.   3.5428  0
1095.   3.5425  0
1096.   3.5422  0
1097.   3.5419  0
1098.   3.5416  0
1099.   3.5413  0
1100.   3.541   0
1101.   3.5408  0
1102.   3.5406  0
1103.   3.5404  0
1104.   3.5402  0
1105.   3.54    0
1106.   3.5398  0
1107.   3.5396  0
1108.   3.5394  0
1109.   3.5392  0
1110.   3.539   0
1111.   3.5388  0
1112.   3.5386  0
1113.   3.5384  0
1114.   3.5382  0
1115.   3.538   0
1116.   3.5378  0
1117.   3.5376  0
1118.   3.5374  0
1119.   3.5372  0
1120.   3.537   0
1121.   3.5367  0
1122.   3.5364  0
1123.   3.5361  0
1124.   3.5358  0
1125.   3.5355  0
1126.   3.5352  0
1127.   3.5349  0