150.0   0.095390828        1.283666394
155.0   0.095510386       1.337393822
160.0   0.09903925      1.402928641
165.0   0.098692838       1.46616516
170.0   0.100850207        1.532569987
175.0   0.1069563       1.596539899
180.0   0.099715746        1.657661977
185.0   0.108316112       1.734368006
190.0   0.106567769        1.79116071
195.0   0.111513266       1.853411775
200.0   0.110803374     1.908606137
205.0   0.111587326       1.969936987
210.0   0.11365555      2.028057589
215.0   0.115928445       2.091850713
220.0   0.116173424        2.151998203
225.0   0.119771906       2.213039835
230.0   0.124315543        2.274896559
235.0   0.129276519       2.336773934
240.0   0.133002743        2.395514502
245.0   0.139688588       2.457358928
250.0   0.141162655        2.515219055
255.0   0.148765766       2.573777623
260.0   0.150722638        2.633214255
265.0   0.161465056       2.693431077
270.0   0.164610587        2.750035753
275.0   0.172365826       2.81099804
280.0   0.178635303        2.868973784
285.0   0.18587018        2.923276881
290.0   0.188953314        2.98248275
295.0   0.197315218       3.042340102
300.0   0.204991638     3.100858199
305.0   0.210097266       3.157347124
310.0   0.218816718        3.214790935
315.0   0.224454799       3.267473023
320.0   0.237666454        3.323775766
325.0   0.24464928        3.37932734
330.0   0.251892832        3.436779015
335.0   0.259391824       3.493749292
340.0   0.267481852        3.550147397
345.0   0.275201252       3.607178361
350.0   0.28349792      3.663518946
355.0   0.291774119       3.719829584
360.0   0.300125667        3.776251503
365.0   0.308578012       3.831608068
370.0   0.317597538        3.889198914
375.0   0.32692637        3.945995546
380.0   0.335956002        4.002607455
385.0   0.345714203       4.058265431
390.0   0.354901676        4.114238107
395.0   0.364968364       4.169676475
400.0   0.375150842     4.226433266
405.0   0.385211589       4.281283449
410.0   0.396086448        4.336805792
415.0   0.40706511        4.391435073
420.0   0.417647849        4.447407079
425.0   0.429543735       4.503499508
430.0   0.440996226        4.559109307
435.0   0.452837879       4.613682059
440.0   0.464232752        4.669101846
445.0   0.477070026       4.724044433
450.0   0.489220122        4.778319404
455.0   0.501228231       4.832828338
460.0   0.514817248        4.887948117
465.0   0.528042125       4.943260916
470.0   0.53987657      4.997345967
475.0   0.554932886       5.051331558
480.0   0.568005038        5.105940631
485.0   0.582771419       5.159226931
490.0   0.596705366        5.212874187
495.0   0.610784373       5.265933683
500.0   0.625686295     5.320477736
505.0   0.640306464       5.374848125
510.0   0.655709839        5.428163169
515.0   0.672565753       5.481545831
520.0   0.688336416        5.535955836
525.0   0.704045108       5.58799423
530.0   0.720793584        5.641767754
535.0   0.737603948       5.693773756
540.0   0.75446839      5.746496546
545.0   0.772330366       5.799008035
550.0   0.789405353        5.851936501
555.0   0.808351698       5.905288517
560.0   0.829205097        5.958236408
565.0   0.848630853       6.009090973
570.0   0.867376853        6.060226283
575.0   0.887661988       6.112687118
580.0   0.908569739        6.165184423
585.0   0.928308533       6.215605902
590.0   0.948955518        6.267417058
595.0   0.9714896       6.317103137
600.0   0.992465612     6.368986418
605.0   1.016073317       6.417351867
610.0   1.038145667        6.46681888
615.0   1.062059906       6.517052343
620.0   1.088160063        6.566589093
625.0   1.112663572       6.61475776
630.0   1.136328574        6.66312559
635.0   1.165731637       6.710806975
640.0   1.190265203        6.759417967
645.0   1.218505245       6.807110623
650.0   1.246364405        6.852329839
655.0   1.275302761       6.898361917
660.0   1.304382818        6.942363757
665.0   1.333854457       6.987643931
670.0   1.365410391        7.031951759
675.0   1.395892303       7.071104251
680.0   1.426024482        7.116287362
685.0   1.457391234       7.157652493
690.0   1.493230683        7.197481356
695.0   1.5274935       7.23603734
700.0   1.559751729     7.27391404
705.0   1.596346402       7.311383032
710.0   1.631621525        7.34575992
715.0   1.669698976       7.380372258
720.0   1.706780893        7.414249862
725.0   1.745260386       7.446739811
730.0   1.786398844        7.475374294
735.0   1.827772224       7.502849546
740.0   1.872189153        7.528352557
745.0   1.916802427       7.55216072
750.0   1.958355454        7.571403838
755.0   2.005349601       7.585211073
760.0   2.054224115        7.599462923
765.0   2.09984451        7.605086914
770.0   2.144528834        7.61216158
775.0   2.189915668       7.610567038
780.0   2.231500036        7.603853787
785.0   2.275479945       7.589387919
790.0   2.314643646        7.572223927
795.0   2.350258044       7.547894599
800.0   2.373653298     7.522581337
805.0   2.399438967       7.486541749
810.0   2.409296598        7.449477169
815.0   2.414395973       7.410756231
820.0   2.410049326        7.369351244
825.0   2.399462094       7.325600203
830.0   2.375277499        7.288411569
835.0   2.342102357       7.253098886
840.0   2.301774531        7.225729444
845.0   2.257656113       7.204374444
850.0   2.204898553        7.188085811
855.0   2.148111401       7.177700369
860.0   2.092718783        7.181328004
865.0   2.03127715        7.184642431
870.0   1.973568962        7.198887028
875.0   1.915492386       7.218248477
880.0   1.854996083        7.243411521
885.0   1.802564727       7.274079983
890.0   1.750120449        7.309782595
895.0   1.694671727       7.350096072
900.0   1.64715608      7.393045594
905.0   1.602399525       7.439468008
910.0   1.557188172        7.48978204
915.0   1.516837858       7.542665118
920.0   1.483545494        7.592621895
925.0   1.447230511       7.647710517
930.0   1.415213787        7.70342976
935.0   1.385433286       7.756057335
940.0   1.355589911        7.812465936
945.0   1.325884954       7.872100794
950.0   1.302164463        7.928721983
955.0   1.280288795       7.985307721
960.0   1.25976713      8.04593147
965.0   1.23821822        8.1051949
970.0   1.218188621        8.163760378
975.0   1.201067407       8.22268587
980.0   1.182294465        8.279240316
985.0   1.167631515       8.338247019
990.0   1.153696234        8.399524689
995.0   1.140905235       8.457757667
1000.0  1.126639087   8.511598888
1005.0  1.114680776       8.571960874
1010.0  1.102964941        8.629920722
1015.0  1.09358083        8.687515124
1020.0  1.08727974      8.74843856
1025.0  1.081445553       8.809967337
1030.0  1.071397488        8.867857271
1035.0  1.061537336       8.920081923
1040.0  1.055494597        8.978255334
1045.0  1.051806876       9.036830069
1050.0  1.043454926        9.083765639
1055.0  1.036482441       9.148731926
1060.0  1.033133204        9.204040646
1065.0  1.02747793        9.264432573
1070.0  1.025591906        9.318521275
1075.0  1.024418445       9.373122913
1080.0  1.020244607        9.42862127
1085.0  1.015304156       9.479917855
1090.0  1.014378517        9.5368739
1095.0  1.011890304       9.593431189
1100.0  1.009905005     9.649917519
1105.0  1.008451539       9.704482186
1110.0  1.005344855        9.750882949
1115.0  1.00382405        9.806001363
1120.0  1.004294808        9.860152537
1125.0  1.003882164       9.917498646
1130.0  1.003972742        9.968398129
1135.0  1.00500573        10.02382345
1140.0  1.002828586        10.07500199
1145.0  1.003941179       10.12708734
1150.0  1.005317282        10.18335224
1155.0  1.003754384       10.23706613
1160.0  1.008818757        10.28628773
1165.0  1.007932489       10.34146643
1170.0  1.008357257        10.39215013
1175.0  1.012688334       10.44200832
1180.0  1.015213183        10.49336256
1185.0  1.014759181       10.5517646
1190.0  1.017683803        10.60545522
1195.0  1.01813905        10.65817091
1200.0  1.021736807     10.70579031
1205.0  1.022859293       10.75807795
1210.0  1.024257787        10.80782605
1215.0  1.026450838       10.85926339
1220.0  1.029738722        10.9110202
1225.0  1.035047848       10.96181208
1230.0  1.038667581        11.01266681
1235.0  1.039978895       11.06849385
1240.0  1.043389606        11.11569439
1245.0  1.046657092       11.16984741
1250.0  1.049913391        11.21616325
1255.0  1.051297547       11.26655345
1260.0  1.056495057        11.31619114
1265.0  1.057188404       11.36079431
1270.0  1.061492702        11.41081797
1275.0  1.066383574       11.47288865
1280.0  1.070500901        11.51937378
1285.0  1.073080696       11.56250415
1290.0  1.078091053        11.61775711
1295.0  1.081263285       11.66829595
1300.0  1.08667656      11.71967858
1305.0  1.090905752       11.7737027
1310.0  1.094227716        11.82020872
1315.0  1.097106966       11.86438552
1320.0  1.104427092        11.91930196
1325.0  1.108138114       11.96737106
1330.0  1.109282178        12.01542787
1335.0  1.112492808       12.06389822
1340.0  1.123987022        12.1162431
1345.0  1.129233973       12.16532652
1350.0  1.132981867        12.21775953
1355.0  1.135566133       12.26700903
1430.0  1.20897633      12.99198306
1435.0  1.215774284       13.0402495
1440.0  1.222359347        13.08984959
1445.0  1.225637477       13.13438949
1450.0  1.232348412        13.19350911
1455.0  1.235053048       13.23424936
1460.0  1.23989324      13.2825952
1465.0  1.245674136       13.32973008
1470.0  1.25590184      13.37524914
1475.0  1.252421713       13.42119816
1480.0  1.265153644        13.46516297
1485.0  1.264792932       13.51960433
1490.0  1.275023692        13.56523813
1495.0  1.277693673       13.61515704
1500.0  1.285699173     13.66027168
1505.0  1.290149697       13.70964938
1510.0  1.296809948        13.75760575
1515.0  1.304059962       13.81378197
1520.0  1.313924676        13.8577198
1525.0  1.31627889        13.90548777
1530.0  1.325289614        13.94978109
1535.0  1.332565366       13.9955611
1540.0  1.338103685        14.0463704
1545.0  1.342317392       14.08906725
1550.0  1.347399401        14.13278052
1555.0  1.354287918       14.18605286
1560.0  1.36162657      14.2300396
1565.0  1.367953829       14.27204602
1570.0  1.374881699        14.33214219
1575.0  1.374949427       14.37325593
1580.0  1.385662006        14.41873986
1585.0  1.390425967       14.47146449
1590.0  1.400170689        14.51965833
1595.0  1.39786136        14.56653756
1600.0  1.400984694     14.60865354
1605.0  1.402928097       14.65292487
1610.0  1.421414675        14.70647543
1615.0  1.424742484       14.75635087
1620.0  1.436002763        14.82100212
1625.0  1.439358574       14.84862799
1630.0  1.44609075      14.8956765
1635.0  1.447904247       14.94712102
1640.0  1.45643876      14.99170484
1645.0  1.458873135       15.02392461
1650.0  1.469917493        15.08179888
1655.0  1.478177828       15.1223348
1660.0  1.474977808        15.17582154
1665.0  1.477843053       15.23233469
1670.0  1.462292742        15.2773787
1675.0  1.425778483       15.34740513
1680.0  1.427335087        15.38951869
1685.0  1.454908413       15.4724516
1690.0  1.514176047        15.49621661
1695.0  1.555668449       15.53351552
1700.0  1.584018511     15.55632073
