309.9814    1.67921     0.91875
313.9053    1.68747     0.96281
317.9297    1.70069     1.01071
322.0586    1.7203      1.06226
326.2963    1.748       1.1169
330.6469    1.78568     1.17347
335.1151    1.83528     1.22998
339.7057    1.89844     1.28343
344.4238    1.97596     1.3297
349.2749    2.0671      1.36379
354.2645    2.16892     1.38052
359.3988    2.27604     1.37571
364.684     2.38113     1.34757
370.1271    2.47639     1.29769
375.7351    2.55534     1.23087
381.5156    2.61431     1.15401
387.4768    2.65284     1.07431
393.6272    2.67308     0.99789
399.9761    2.6787      0.92901
406.533     2.67389     0.87006
413.3086    2.66265     0.82191
420.3138    2.64847     0.78439
427.5606    2.63425     0.75666
435.0617    2.62242     0.73746
442.8306    2.61502     0.72522
450.8821    2.61377     0.71801
459.2318    2.62005     0.71345
467.8965    2.63467     0.70859
476.8945    2.65749     0.69994
486.2454    2.68694     0.68378
495.9703    2.71962     0.65697
506.0921    2.75061     0.61806
516.6357    2.7745      0.56823
527.628     2.78709     0.51126
539.0982    2.78669     0.45236
551.0781    2.77426     0.39647
563.6026    2.75256     0.34705
576.7096    2.72493     0.30574
590.4409    2.69444     0.27275
604.8418    2.66348     0.24743
619.9629    2.63378     0.22873
635.8593    2.60655     0.2156
652.5925    2.58282     0.20705
670.2301    2.5637      0.20221
688.8477    2.55093     0.20005
708.529     2.5478      0.19846
729.3681    2.56012     0.19041
751.4702    2.58908     0.15114
774.9536    2.57527     0.05034
799.9521    2.46784     0
826.6172    2.39175     0
855.1212    2.35608     0
885.6613    2.336       0
918.4635    2.32177     0
953.7891    2.31011     0
991.9406    2.29984     0
1033.2714   2.29047     0
1078.1963   2.28176     0
1127.2052   2.2736      0
1180.8817   2.2659      0
1239.9258   2.25861     0
1305.185    2.25171     0
1377.6953   2.24515     0
1458.7361   2.23891     0
1549.9072   2.23297     0
1653.2343   2.2273      0
1771.3225   2.22189     0
1907.5782   2.21672     0
2066.5429   2.21178     0
