187.9   0.94    1.337
191.6   0.95    1.388
195.3   0.97    1.440
199.3   0.98    1.493
203.3   0.99    1.550
207.3   1.01    1.599
211.9   1.04    1.651
216.4   1.08    1.699
221.4   1.13    1.737
226.2   1.18    1.768
231.3   1.23    1.792
237.1   1.28    1.802
242.6   1.34    1.799
249.0   1.37    1.783
255.1   1.41    1.741
261.6   1.41    1.691
268.9   1.45    1.668
276.1   1.46    1.646
284.4   1.45    1.633
292.4   1.42    1.633
300.9   1.40    1.679
310.7   1.38    1.729
320.4   1.38    1.783
331.5   1.34    1.821
342.5   1.36    1.864
354.2   1.37    1.916
367.9   1.36    1.975
381.5   1.33    2.045
397.4   1.32    2.116
413.3   1.28    2.207
430.5   1.25    2.305
450.9   1.24    2.397
471.4   1.25    2.483
495.9   1.22    2.564
520.9   1.18    2.608
548.6   1.02    2.577
582.1   0.70    2.704
616.8   0.30    3.205
659.5   0.22    3.747
704.5   0.21    4.205
756.0   0.24    4.665
821.1   0.26    5.180
892.0   0.30    5.768
984.0   0.32    6.421
1088.0  0.36    7.217
1216.0  0.48    8.245
1393.0  0.60    9.439
1610.0  0.76    11.12
1937.0  1.09    13.43
