   4.0000000000000000e+02   2.0032090948017469e+00   8.1472798120860515e-04  
   4.3000000000000000e+02   2.0032090948017469e+00   8.1472798120860515e-04
   4.3100000000000000e+02   2.0025239873255121e+00   8.0696626225804818e-04
   4.3200000000000000e+02   2.0017937398304362e+00   7.9920454330749098e-04
   4.3300000000000000e+02   2.0010537723730408e+00   7.9144282435693401e-04
   4.3400000000000000e+02   2.0002371947562336e+00   7.8368110540637682e-04
   4.3500000000000000e+02   1.9996650415559936e+00   7.7591938645581984e-04
   4.3600000000000000e+02   1.9982084397223887e+00   7.6815766750526287e-04
   4.3700000000000000e+02   1.9973395478290656e+00   7.6039594855470567e-04
   4.3800000000000000e+02   1.9966868459364562e+00   7.5263422960414859e-04
   4.3900000000000000e+02   1.9959980215827335e+00   7.4487251065359151e-04
   4.4000000000000000e+02   1.9952575404641604e+00   7.3711079170303453e-04
   4.4100000000000000e+02   1.9945724439116288e+00   7.2934907275247745e-04
   4.4200000000000000e+02   1.9938842425280467e+00   7.2158735380192037e-04
   4.4300000000000000e+02   1.9930278581827523e+00   7.1382563485136328e-04
   4.4400000000000000e+02   1.9923900316862206e+00   7.0606391590080620e-04
   4.4500000000000000e+02   1.9916150894921643e+00   6.9830219695024912e-04
   4.4600000000000000e+02   1.9908910936028088e+00   6.9054047799969203e-04
   4.4700000000000000e+02   1.9902618566412604e+00   6.8277875904913495e-04
   4.4800000000000000e+02   1.9895613428106533e+00   6.7501704009857787e-04
   4.4900000000000000e+02   1.9887916416887896e+00   6.6725532114802078e-04
   4.5000000000000000e+02   1.9881065342125546e+00   6.5949360219746359e-04
   4.5100000000000000e+02   1.9874214267363193e+00   6.5173188324690661e-04
   4.5200000000000000e+02   1.9866783591675943e+00   6.4397016429634953e-04
   4.5300000000000000e+02   1.9859511819116134e+00   6.3620844534579245e-04
   4.5400000000000000e+02   1.9852660558314779e+00   6.1334523420194500e-04
   4.5500000000000000e+02   1.9845661214353001e+00   5.8747621046327005e-04
   4.5600000000000000e+02   1.9837958893551426e+00   5.6160718672459509e-04
   4.5700000000000000e+02   1.9831107818789073e+00   5.3573816298592013e-04
   4.5800000000000000e+02   1.9823538837030061e+00   5.0986913924724517e-04
   4.5900000000000000e+02   1.9816405669264365e+00   4.8400011550857027e-04
   4.6000000000000000e+02   1.9809554594502012e+00   4.5813109176989536e-04
   4.6100000000000000e+02   1.9802416459707117e+00   4.3226206803122040e-04
   4.6200000000000000e+02   1.9794852444977304e+00   4.0639304429254544e-04
   4.6300000000000000e+02   1.9788001370214952e+00   3.8052402055387054e-04
   4.6400000000000000e+02   1.9781150295452599e+00   3.5465499681519558e-04
   4.6500000000000000e+02   1.9773586623276524e+00   3.2878597307652062e-04
   4.6600000000000000e+02   1.9774452256572750e+00   3.0291694933784566e-04
   4.6700000000000000e+02   1.9767176329536698e+00   2.7704792559917076e-04
   4.6800000000000000e+02   1.9759750107048042e+00   2.5117890186049580e-04
   4.6900000000000000e+02   1.9752899032285689e+00   2.2530987812182090e-04
   4.7000000000000000e+02   1.9746047957523336e+00   1.9944085438314591e-04
   4.7100000000000000e+02   1.9738346493106105e+00   1.7357183064447098e-04
   4.7200000000000000e+02   1.9731345807998633e+00   1.4770280690579605e-04
   4.7300000000000000e+02   1.9723931574890812e+00   1.2183378316712112e-04
   4.7400000000000000e+02   1.9716643658473922e+00   9.5964759428446200e-05
   4.7500000000000000e+02   1.9717796009248953e+00   1.0756826262103654e-04
   4.7600000000000000e+02   1.9710813051297422e+00   1.2873982001626160e-04
   4.7700000000000000e+02   1.9703105592189774e+00   1.4991137741148666e-04
   4.7800000000000000e+02   1.9696242784961890e+00   1.7108293480671172e-04
   4.7900000000000000e+02   1.9688690673974478e+00   1.9225449220193675e-04
   4.8000000000000000e+02   1.9681540635437185e+00   2.1342604959716184e-04
   4.8100000000000000e+02   1.9674689277149711e+00   2.3459760699238687e-04
   4.8200000000000000e+02   1.9667567525905627e+00   2.5576916438761190e-04
   4.8300000000000000e+02   1.9667117581570608e+00   2.7694072178283699e-04
   4.8400000000000000e+02   1.9661122891153551e+00   2.9811227917806208e-04
   4.8500000000000000e+02   1.9652611715337844e+00   3.1928383657328711e-04
   4.8600000000000000e+02   1.9646133510319430e+00   3.4045539396851220e-04
   4.8700000000000000e+02   1.9639587222745569e+00   3.6162695136373723e-04
   4.8800000000000000e+02   1.9632328166481114e+00   3.8279850875896226e-04
   4.8900000000000000e+02   1.9626999999999999e+00   4.0397006615418729e-04
   4.9000000000000000e+02   1.9625917872741283e+00   4.2514162354941238e-04
   4.9100000000000000e+02   1.9618210413633639e+00   4.4631318094463747e-04
   4.9200000000000000e+02   1.9610502954525992e+00   4.6748473833986250e-04
   4.9300000000000000e+02   1.9604174274214268e+00   4.8865629573508753e-04
   4.9400000000000000e+02   1.9597088036310697e+00   5.0982785313031262e-04
   4.9500000000000000e+02   1.9589782735291597e+00   5.3099941052553760e-04
   4.9600000000000000e+02   1.9590676201079045e+00   5.5217096792076269e-04
   4.9700000000000000e+02   1.9583083404692583e+00   5.7334252531598788e-04
   4.9800000000000000e+02   1.9576232916595309e+00   5.9451408271121286e-04
   4.9900000000000000e+02   1.9568554594502015e+00   6.1568564010643795e-04
   5.0000000000000000e+02   1.9564266095890410e+00   6.3403227143644079e-04
   5.0100000000000000e+02   1.9560841438356165e+00   6.2433031992213195e-04
   5.0200000000000000e+02   1.9555436841654537e+00   6.1462836840782311e-04
   5.0300000000000000e+02   1.9547981673375012e+00   6.0492641689351449e-04
   5.0400000000000000e+02   1.9541891380638532e+00   5.9522446537920576e-04
   5.0500000000000000e+02   1.9541035436103740e+00   5.8552251386489681e-04
   5.0600000000000000e+02   1.9534432559732808e+00   5.7582056235058808e-04
   5.0700000000000000e+02   1.9527581020897569e+00   5.6611861083627935e-04
   5.0800000000000000e+02   1.9520195940738203e+00   5.5641665932197062e-04
   5.0900000000000000e+02   1.9512878650338272e+00   5.4671470780766178e-04
   5.1000000000000000e+02   1.9513539397053785e+00   5.3701275629335294e-04
   5.1100000000000000e+02   1.9505282497002909e+00   5.2731080477904421e-04
   5.1200000000000000e+02   1.9499288319917794e+00   5.1760885326473547e-04
   5.1300000000000000e+02   1.9492478461933715e+00   5.0790690175042663e-04
   5.1400000000000000e+02   1.9489657536591629e+00   4.9820495023611790e-04
   5.1500000000000000e+02   1.9485307870172131e+00   4.8850299872180906e-04
   5.1600000000000000e+02   1.9478545516827954e+00   4.7880104720750033e-04
   5.1700000000000000e+02   1.9473000000000000e+00   4.6909909569319160e-04
   5.1800000000000000e+02   1.9472134452342211e+00   4.5939714417888281e-04
   5.1900000000000000e+02   1.9464426993234563e+00   4.3723676290588530e-04
   5.2000000000000000e+02   1.9463999999999999e+00   3.9585009684760556e-04
   5.2100000000000000e+02   1.9458016699494731e+00   3.5446343078932583e-04
   5.2200000000000000e+02   1.9450830435899631e+00   3.1307676473104614e-04
   5.2300000000000000e+02   1.9443979361137278e+00   2.7169009867276635e-04
   5.2400000000000000e+02   1.9438766155953093e+00   2.3030343261448667e-04
   5.2500000000000000e+02   1.9437281322257429e+00   1.8891676655620693e-04
   5.2600000000000000e+02   1.9430430247495076e+00   1.4753010049792719e-04
   5.2700000000000000e+02   1.9422776569324314e+00   1.0614343443964754e-04
   5.2800000000000000e+02   1.9420999999999999e+00   6.4756768381367717e-05
   5.2900000000000000e+02   1.9416365504838571e+00   2.3370102323088060e-05
   5.3000000000000000e+02   1.9409029373983042e+00  -1.8016563735191677e-05
   5.3100000000000000e+02   1.9403772404348198e+00  -5.9403229793471415e-05
   5.3200000000000000e+02   1.9402331335103193e+00  -1.0078989585175115e-04
   5.3300000000000000e+02   1.9395480260340843e+00  -1.4217656191003089e-04
   5.3400000000000000e+02   1.9387832833775800e+00  -1.8356322796831063e-04
   5.3500000000000000e+02   1.9386000000000001e+00  -2.2494989402659031e-04
   5.3600000000000000e+02   1.9381930798218567e+00  -2.6633656008487002e-04
   5.3700000000000000e+02   1.9377635110844817e+00  -2.5101487128088471e-04
   5.3800000000000000e+02   1.9375232422711313e+00  -2.2649990472758402e-04
   5.3900000000000000e+02   1.9368304016442581e+00  -2.0198493817428332e-04
   5.4000000000000000e+02   1.9360596557334933e+00  -1.7746997162098268e-04
   5.4100000000000000e+02   1.9353679198424254e+00  -1.5295500506768198e-04
   5.4200000000000000e+02   1.9346828123661899e+00  -1.2844003851438126e-04
   5.4300000000000000e+02   1.9346981159544403e+00  -1.0392507196108056e-04
   5.4400000000000000e+02   1.9340130084782048e+00  -7.9410105407779903e-05
   5.4500000000000000e+02   1.9334784986732860e+00  -5.4895138854479234e-05
   5.4600000000000000e+02   1.9333361051639977e+00  -3.0380172301178537e-05
   5.4700000000000000e+02   1.9325653592532330e+00  -5.8652057478778539e-06
   5.4800000000000000e+02   1.9325000000000001e+00   1.8649760805422816e-05
   5.4900000000000000e+02   1.9319882247152522e+00   4.3164727358723526e-05
   5.5000000000000000e+02   1.9312535068938939e+00   6.7679693912024223e-05
   5.5100000000000000e+02   1.9308000000000001e+00   9.2194660465324879e-05
   5.5200000000000000e+02   1.9306124614594040e+00   1.1670962701862560e-04
   5.5300000000000000e+02   1.9298999999999999e+00   1.4122459357192622e-04
   5.5400000000000000e+02   1.9298999999999999e+00   1.6573956012522694e-04
   5.5500000000000000e+02   1.9292784019868117e+00   1.9025452667852767e-04
   5.5600000000000000e+02   1.9290366835031247e+00   2.1476949323182834e-04
   5.5700000000000000e+02   1.9286084946052404e+00   2.3928445978512900e-04
   5.5800000000000000e+02   1.9278888498758244e+00   2.6379942633842973e-04
   5.5900000000000000e+02   1.9273000000000000e+00   2.8750397215018575e-04
   5.6000000000000000e+02   1.9272739158354382e+00   3.1079288614441740e-04
   5.6100000000000000e+02   1.9268886253692366e+00   3.3408180013864893e-04
   5.6200000000000000e+02   1.9265033349030349e+00   3.5737071413288052e-04
   5.6300000000000000e+02   1.9258359681425024e+00   3.8065962812711216e-04
   5.6400000000000000e+02   1.9251135308726557e+00   4.0394854212134370e-04
   5.6500000000000000e+02   1.9246321407172815e+00   4.2723745611557534e-04
   5.6600000000000000e+02   1.9243632611115871e+00   4.5052637010980687e-04
   5.6700000000000000e+02   1.9237948296524567e+00   4.7381528410403852e-04
   5.6800000000000000e+02   1.9237092278719397e+00   4.9710419809827016e-04
   5.6900000000000000e+02   1.9230887994519610e+00   5.2039311209250158e-04
   5.7000000000000000e+02   1.9224037081442151e+00   5.4368202608673323e-04
   5.7100000000000000e+02   1.9220523454887861e+00   5.6697094008096487e-04
   5.7200000000000000e+02   1.9217338357454827e+00   5.9025985407519640e-04
   5.7300000000000000e+02   1.9211811007446717e+00   6.1354876806942794e-04
   5.7400000000000000e+02   1.9210640318574976e+00   6.3683768206365958e-04
   5.7500000000000000e+02   1.9203789243812621e+00   6.6012659605789122e-04
   5.7600000000000000e+02   1.9202242660275612e+00   6.8341551005212287e-04
   5.7700000000000000e+02   1.9197091204932772e+00   7.0670442404635429e-04
   5.7800000000000000e+02   1.9189300162713026e+00   7.2999333804058594e-04
   5.7900000000000000e+02   1.9184000000000001e+00   7.5328225203481758e-04
   5.8000000000000000e+02   1.9182723730410209e+00   7.7657116602904911e-04
   5.8100000000000000e+02   1.9176961311307026e+00   7.9986008002328076e-04
   5.8200000000000000e+02   1.9176105366772234e+00   8.1632999999999999e-04
   5.8300000000000000e+02   1.9169241329108506e+00   8.1632999999999999e-04
   5.8400000000000000e+02   1.9167000000000001e+00   8.1632999999999999e-04
   5.8500000000000000e+02   1.9163294253661043e+00   8.1632999999999999e-04
   5.8600000000000000e+02   1.9156123576261028e+00   8.1632999999999999e-04
   5.8700000000000000e+02   1.9150000000000000e+00   8.1632999999999999e-04
   5.8800000000000000e+02   1.9149712511775285e+00   8.1632999999999999e-04
   5.8900000000000000e+02   1.9142005052667637e+00   8.1632999999999999e-04
   5.9000000000000000e+02   1.9140999999999999e+00   8.1632999999999999e-04
   5.9100000000000000e+02   1.9135594758927805e+00   8.1632999999999999e-04
   5.9200000000000000e+02   1.9132000000000000e+00   8.1632999999999999e-04
   5.9300000000000000e+02   1.9129184465187978e+00   8.1632999999999999e-04
   5.9400000000000000e+02   1.9123000000000001e+00   8.1632999999999999e-04
   5.9500000000000000e+02   1.9122773400702235e+00   8.1632999999999999e-04
   5.9600000000000000e+02   1.9115065941594587e+00   8.1632999999999999e-04
   5.9700000000000000e+02   1.9114000000000000e+00   8.1632999999999999e-04
   5.9800000000000000e+02   1.9108061830949730e+00   8.1632999999999999e-04
   5.9900000000000000e+02   1.9100848591247752e+00   8.1632999999999999e-04
   6.0000000000000000e+02   1.9097000000000000e+00   8.0051175498841928e-04
   6.0100000000000000e+02   1.9096837613422359e+00   7.7981537266265746e-04
   6.0200000000000000e+02   1.9095852689277149e+00   7.5911899033689575e-04
   6.0300000000000000e+02   1.9089001027749228e+00   7.3842260801113414e-04
   6.0400000000000000e+02   1.9087269171516605e+00   7.1772622568537232e-04
   6.0500000000000000e+02   1.9082303588250407e+00   6.9702984335961050e-04
   6.0600000000000000e+02   1.9078556791919885e+00   6.7633346103384878e-04
   6.0700000000000000e+02   1.9075605549370558e+00   6.5563707870808707e-04
   6.0800000000000000e+02   1.9068598783934230e+00   6.3494069638232536e-04
   6.0900000000000000e+02   1.9060999999999999e+00   6.1424431405656353e-04
   6.1000000000000000e+02   1.9060999999999999e+00   5.9354793173080182e-04
   6.1100000000000000e+02   1.9054480260340840e+00   5.7285154940504000e-04
   6.1200000000000000e+02   1.9052000000000000e+00   5.5215516707927828e-04
   6.1300000000000000e+02   1.9048069966601009e+00   5.3145878475351657e-04
   6.1400000000000000e+02   1.9043000000000001e+00   5.1076240242775475e-04
   6.1500000000000000e+02   1.9041659016954959e+00   4.9006602010199303e-04
   6.1600000000000000e+02   1.9034000000000000e+00   4.6936963777623132e-04
   6.1700000000000000e+02   1.9034000000000000e+00   4.5351000000000001e-04
   6.1800000000000000e+02   1.9028258307639603e+00   4.5351000000000001e-04
   6.1900000000000000e+02   1.9024852447791853e+00   4.5351000000000001e-04
   6.2000000000000000e+02   1.9020990665410635e+00   4.5351000000000001e-04
   6.2100000000000000e+02   1.9016713857742018e+00   4.5351000000000001e-04
   6.2200000000000000e+02   1.9014862721589449e+00   4.5351000000000001e-04
   6.2300000000000000e+02   1.9008011646827097e+00   4.5351000000000001e-04
   6.2400000000000000e+02   1.9007145437425099e+00   4.5351000000000001e-04
   6.2500000000000000e+02   1.9001312922839770e+00   4.5351000000000001e-04
   6.2600000000000000e+02   1.8998433022340151e+00   4.5351000000000001e-04
   6.2700000000000000e+02   1.8994614883959919e+00   4.5351000000000001e-04
   6.2800000000000000e+02   1.8989720595788393e+00   4.5351000000000001e-04
   6.2900000000000000e+02   1.8987916159972595e+00   4.5351000000000001e-04
   6.3000000000000000e+02   1.8981065085210242e+00   4.5351000000000001e-04
   6.3100000000000000e+02   1.8980152186938286e+00   4.5928855636781155e-04
   6.3200000000000000e+02   1.8974367046330394e+00   4.8668806498711225e-04
   6.3300000000000000e+02   1.8971439784301978e+00   5.1408757360641290e-04
   6.3400000000000000e+02   1.8967669007450545e+00   5.4148708222571365e-04
   6.3500000000000000e+02   1.8962454716658108e+00   5.6888659084501419e-04
   6.3600000000000000e+02   1.8960098998030315e+00   5.9628609946431495e-04
   6.3700000000000000e+02   1.8954104307613258e+00   6.2368560808361549e-04
   6.3800000000000000e+02   1.8953158948900113e+00   6.5108511670291624e-04
   6.3900000000000000e+02   1.8946723816048643e+00   6.7848462532221678e-04
   6.4000000000000000e+02   1.8944000000000001e+00   7.0588413394151754e-04
   6.4100000000000000e+02   1.8940723130941164e+00   7.3328364256081819e-04
   6.4200000000000000e+02   1.8935734120869714e+00   7.6068315118011883e-04
   6.4300000000000000e+02   1.8934024406953840e+00   7.8808265979941959e-04
   6.4400000000000000e+02   1.8927173332191489e+00   8.1548216841872013e-04
   6.4500000000000000e+02   1.8925331421723872e+00   8.4288167703802088e-04
   6.4600000000000000e+02   1.8920165881647684e+00   8.7028118565732142e-04
   6.4700000000000000e+02   1.8917999999999999e+00   8.9768069427662218e-04
   6.4800000000000000e+02   1.8914373951019010e+00   9.2508020289592283e-04
   6.4900000000000000e+02   1.8909000000000000e+00   9.5247971151522347e-04
   6.5000000000000000e+02   1.8907963346750021e+00   9.7987922013452401e-04
   6.5100000000000000e+02   1.8900255887642372e+00   1.0139651131397926e-03
   6.5200000000000000e+02   1.8899999999999999e+00   1.0605508036413572e-03
   6.5300000000000000e+02   1.8899316528288965e+00   1.1071364941429216e-03
   6.5400000000000000e+02   1.8894682452684766e+00   1.1537221846444862e-03
   6.5500000000000000e+02   1.8890604091765111e+00   1.2003078751460505e-03
   6.5600000000000000e+02   1.8887731694784620e+00   1.2468935656476149e-03
   6.5700000000000000e+02   1.8880999999999999e+00   1.2934792561491795e-03
   6.5800000000000000e+02   1.8880999999999999e+00   1.3400649466507441e-03
   6.5900000000000000e+02   1.8874434615055236e+00   1.3866506371523082e-03
   6.6000000000000000e+02   1.8872323290250792e+00   1.4332363276538728e-03
   6.6100000000000000e+02   1.8867736211031176e+00   1.4798220181554372e-03
   6.6200000000000000e+02   1.8863221604040059e+00   1.5264077086570016e-03
   6.6300000000000000e+02   1.8860283120664554e+00   1.5729933991585664e-03
   6.6400000000000000e+02   1.8854085124603923e+00   1.6195790896601308e-03
   6.6500000000000000e+02   1.8846377665496274e+00   1.6661647801616952e-03
   6.6600000000000000e+02   1.8846000000000001e+00   1.7127504706632595e-03
   6.6700000000000000e+02   1.8845330052212617e+00   1.7593361611648239e-03
   6.6800000000000000e+02   1.8840790699666010e+00   1.8059218516663885e-03
   6.6900000000000000e+02   1.8836617616846429e+00   1.8525075421679531e-03
   6.7000000000000000e+02   1.8834091975678684e+00   1.8990932326695175e-03
   6.7100000000000000e+02   1.8827905161345544e+00   1.9456789231710821e-03
   6.7200000000000000e+02   1.8827049216810749e+00   1.9922646136726462e-03
   6.7300000000000000e+02   1.8820542862036480e+00   2.0388503041742110e-03
   6.7400000000000000e+02   1.8818336814174441e+00   2.0854359946757754e-03
   6.7500000000000000e+02   1.8817999999999999e+00   2.1183508282091139e-03
   6.7600000000000000e+02   1.8814621820673116e+00   2.1510377214676675e-03
   6.7700000000000000e+02   1.8809000000000000e+00   2.1837246147262210e-03
   6.7800000000000000e+02   1.8808299135051811e+00   2.2164115079847746e-03
   6.7900000000000000e+02   1.8801448060289458e+00   2.2490984012433282e-03
   6.8000000000000000e+02   1.8800200034237782e+00   2.2817852945018818e-03
   6.8100000000000000e+02   1.8794750021409607e+00   2.3144721877604354e-03
   6.8200000000000000e+02   1.8791487543874670e+00   2.3471590810189890e-03
   6.8300000000000000e+02   1.8787681938854159e+00   2.3798459742775425e-03
   6.8400000000000000e+02   1.8782000000000001e+00   2.4125328675360961e-03
   6.8500000000000000e+02   1.8781838397671833e+00   2.4452197607946497e-03
   6.8600000000000000e+02   1.8780126508602242e+00   2.4779066540532033e-03
   6.8700000000000000e+02   1.8774448317204759e+00   2.5105935473117569e-03
   6.8800000000000000e+02   1.8773000000000000e+00   2.5432804405703105e-03
   6.8900000000000000e+02   1.8767945619594073e+00   2.5759673338288640e-03
   6.9000000000000000e+02   1.8763000000000001e+00   2.6086542270874172e-03
   6.9100000000000000e+02   1.8761258456795409e+00   2.6413411203459708e-03
   6.9200000000000000e+02   1.8754999999999999e+00   2.6740280136045244e-03
   6.9300000000000000e+02   1.8754999999999999e+00   2.7067149068630784e-03
   6.9400000000000000e+02   1.8747923011047358e+00   2.7394018001216320e-03
   6.9500000000000000e+02   1.8746000000000000e+00   2.7720886933801851e-03
   6.9600000000000000e+02   1.8745501540832050e+00   2.8047755866387387e-03
   6.9700000000000000e+02   1.8742163212878920e+00   2.8118000000000001e-03
   6.9800000000000000e+02   1.8736789180861080e+00   2.8118000000000001e-03
   6.9900000000000000e+02   1.8735465616168536e+00   2.8118000000000001e-03
   7.0000000000000000e+02   1.8728614541406183e+00   2.8118000000000001e-03
   7.0100000000000000e+02   1.8727220766991954e+00   2.8118000000000001e-03
   7.0200000000000000e+02   1.8721915817418857e+00   2.8118000000000001e-03
   7.0300000000000000e+02   1.8718508345459213e+00   2.8118000000000001e-03
   7.0400000000000000e+02   1.8717999999999999e+00   2.8118000000000001e-03
   7.0500000000000000e+02   1.8716166395478291e+00   2.8118000000000001e-03
   7.0600000000000000e+02   1.8709000000000000e+00   2.8118000000000001e-03
   7.0700000000000000e+02   1.8709000000000000e+00   2.8118000000000001e-03
   7.0800000000000000e+02   1.8702048642630815e+00   2.8118000000000001e-03
   7.0900000000000000e+02   1.8700000000000001e+00   2.8118000000000001e-03
   7.1000000000000000e+02   1.8695638348890982e+00   2.8118000000000001e-03
   7.1100000000000000e+02   1.8689295303737317e+00   2.8118000000000001e-03
   7.1200000000000000e+02   1.8685014298557303e+00   2.8118000000000001e-03
   7.1300000000000000e+02   1.8681000000000001e+00   2.8118000000000001e-03
   7.1400000000000000e+02   1.8681000000000001e+00   2.8055091096590573e-03
   7.1500000000000000e+02   1.8674875139162457e+00   2.7810023299904077e-03
   7.1600000000000000e+02   1.8673000000000000e+00   2.7564955503217581e-03
   7.1700000000000000e+02   1.8672522301172845e+00   2.7319887706531085e-03
   7.1800000000000000e+02   1.8669328994690872e+00   2.7074819909844589e-03
   7.1900000000000000e+02   1.8663619789437644e+00   2.6829752113158088e-03
   7.2000000000000000e+02   1.8661677485655563e+00   2.6584684316471592e-03
   7.2100000000000000e+02   1.8655682795238502e+00   2.6339616519785100e-03
   7.2200000000000000e+02   1.8654241547547719e+00   2.6094548723098600e-03
   7.2300000000000000e+02   1.8649082298535582e+00   2.5849480926412108e-03
   7.2400000000000000e+02   1.8645529104605376e+00   2.5604413129725612e-03
   7.2500000000000000e+02   1.8645000000000000e+00   2.5359345333039116e-03
   7.2600000000000000e+02   1.8643353686734607e+00   2.5114277536352619e-03
   7.2700000000000000e+02   1.8635999999999999e+00   2.4869209739666123e-03
   7.2800000000000000e+02   1.8635999999999999e+00   2.4624141942979627e-03
   7.2900000000000000e+02   1.8629987496788560e+00   2.4379074146293127e-03
   7.3000000000000000e+02   1.8627392312960112e+00   2.4134006349606630e-03
   7.3100000000000000e+02   1.8622824869401386e+00   2.3888938552920134e-03
   7.3200000000000000e+02   1.8617999999999999e+00   2.3643870756233638e-03
   7.3300000000000000e+02   1.8616590733921385e+00   2.3398802959547146e-03
   7.3400000000000000e+02   1.8609967474107678e+00   2.3153735162860646e-03
   7.3500000000000000e+02   1.8609111529572884e+00   2.2908667366174150e-03
   7.3600000000000000e+02   1.8608255521314843e+00   2.2663599457801746e-03
   7.3700000000000000e+02   1.8602593217435985e+00   2.2418529453883868e-03
   7.3800000000000000e+02   1.8599000000000001e+00   2.2173459449965991e-03
   7.3900000000000000e+02   1.8596495932174359e+00   2.1928389446048118e-03
   7.4000000000000000e+02   1.8591000000000000e+00   2.1683319442130236e-03
   7.4100000000000000e+02   1.8590772610483042e+00   2.1438249438212359e-03
   7.4200000000000000e+02   1.8583064491264134e+00   2.1193179434294482e-03
   7.4300000000000000e+02   1.8582000000000001e+00   2.0948109430376609e-03
   7.4400000000000000e+02   1.8576654106362938e+00   2.0703039426458727e-03
   7.4500000000000000e+02   1.8573000000000000e+00   2.0457969422540850e-03
   7.4600000000000000e+02   1.8572693854844231e+00   2.0212899418622973e-03
   7.4700000000000000e+02   1.8570703091547487e+00   1.9967829414705100e-03
   7.4800000000000000e+02   1.8563981510015410e+00   1.9722759410787218e-03
   7.4900000000000000e+02   1.8563125492210237e+00   1.9477689406869343e-03
   7.5000000000000000e+02   1.8557153292797808e+00   1.9232619402951468e-03
   7.5100000000000000e+02   1.8554413078832490e+00   1.8987549399033590e-03
   7.5200000000000000e+02   1.8550455253917959e+00   1.8742479395115713e-03
   7.5300000000000000e+02   1.8545700676196182e+00   1.8497409391197833e-03
   7.5400000000000000e+02   1.8545000000000000e+00   1.8252339387279956e-03
   7.5500000000000000e+02   1.8544898261539779e+00   1.8007269383362081e-03
   7.5600000000000000e+02   1.8537190802432131e+00   1.7762199379444204e-03
   7.5700000000000000e+02   1.8535999999999999e+00   1.7517129375526326e-03
   7.5800000000000000e+02   1.8530780508692302e+00   1.7272059371608447e-03
   7.5900000000000000e+02   1.8527000000000000e+00   1.6971747718405627e-03
   7.6000000000000000e+02   1.8526707926724879e+00   1.6661279763398667e-03
   7.6100000000000000e+02   1.8524814764066111e+00   1.6350811808391707e-03
   7.6200000000000000e+02   1.8517995463493964e+00   1.6040343853384749e-03
   7.6300000000000000e+02   1.8517139518959171e+00   1.5729875898377790e-03
   7.6400000000000000e+02   1.8516999999999999e+00   1.5419407943370832e-03
   7.6500000000000000e+02   1.8511846022094716e+00   1.5108939988363874e-03
   7.6600000000000000e+02   1.8508000000000000e+00   1.4798472033356919e-03
   7.6700000000000000e+02   1.8505149952898861e+00   1.4488004078349957e-03
   7.6800000000000000e+02   1.8498000000000001e+00   1.4177536123342999e-03
   7.6900000000000000e+02   1.8498000000000001e+00   1.3867068168336041e-03
   7.7000000000000000e+02   1.8491170848676886e+00   1.3556600213329084e-03
   7.7100000000000000e+02   1.8490000000000000e+00   1.3246132258322124e-03
   7.7200000000000000e+02   1.8484906911021666e+00   1.2935664303315166e-03
   7.7300000000000000e+02   1.8481000000000001e+00   1.2625196348308206e-03
   7.7400000000000000e+02   1.8480443807241291e+00   1.2314728393301249e-03
   7.7500000000000000e+02   1.8478061231480689e+00   1.2004260438294289e-03
   7.7600000000000000e+02   1.8472066541063630e+00   1.1791000000000000e-03
   7.7700000000000000e+02   1.8471153556449542e+00   1.1791000000000000e-03
   7.7800000000000000e+02   1.8465378008050013e+00   1.1791000000000000e-03
   7.7900000000000000e+02   1.8462441058128585e+00   1.1791000000000000e-03
   7.8000000000000000e+02   1.8458678883370441e+00   1.1791000000000000e-03
   7.8100000000000000e+02   1.8453728665582472e+00   1.1791000000000000e-03
   7.8200000000000000e+02   1.8452999999999999e+00   1.1791000000000000e-03
   7.8300000000000000e+02   1.8452999999999999e+00   1.1791000000000000e-03
   7.8400000000000000e+02   1.8445443607090861e+00   1.1791000000000000e-03
   7.8500000000000000e+02   1.8444000000000000e+00   1.1791000000000000e-03
   7.8600000000000000e+02   1.8439032542605118e+00   1.1791000000000000e-03
   7.8700000000000000e+02   1.8434999999999999e+00   1.1791000000000000e-03
   7.8800000000000000e+02   1.8432622248865291e+00   1.1791000000000000e-03
   7.8900000000000000e+02   1.8426000000000000e+00   1.1791000000000000e-03
   7.9000000000000000e+02   1.8426000000000000e+00   1.1791000000000000e-03
   7.9100000000000000e+02   1.8425167508345459e+00   1.1791000000000000e-03
   7.9200000000000000e+02   1.8419489680568639e+00   1.1791000000000000e-03
   7.9300000000000000e+02   1.8416455059065227e+00   1.1791000000000000e-03
   7.9400000000000000e+02   1.8415999999999999e+00   1.1791000000000000e-03
   7.9500000000000000e+02   1.8413686991521794e+00   1.1791000000000000e-03
   7.9600000000000000e+02   1.8407000000000000e+00   1.1840611438491823e-03
   7.9700000000000000e+02   1.8407000000000000e+00   1.1951499767709124e-03
   7.9800000000000000e+02   1.8398743598527019e+00   1.2062388096926429e-03
   7.9900000000000000e+02   1.8396999999999999e+00   1.2173276426143728e-03
   8.0000000000000000e+02   1.8396999999999999e+00   1.2284164755361031e-03
   8.0100000000000000e+02   1.8393849190716793e+00   1.2395053084578332e-03
   8.0200000000000000e+02   1.8388749893006933e+00   1.2505941413795635e-03
   8.0300000000000000e+02   1.8387151151836945e+00   1.2616829743012938e-03
   8.0400000000000000e+02   1.8380300077074592e+00   1.2727718072230239e-03
   8.0500000000000000e+02   1.8378363091671661e+00   1.2838606401447540e-03
   8.0600000000000000e+02   1.8373276783420400e+00   1.2949494730664843e-03
   8.0700000000000000e+02   1.8370469097757232e+00   1.3060383059882146e-03
   8.0800000000000000e+02   1.8366903314207415e+00   1.3171271389099449e-03
   8.0900000000000000e+02   1.8361756654968757e+00   1.3282159718316750e-03
   8.1000000000000000e+02   1.8361000000000001e+00   1.3393048047534053e-03
   8.1100000000000000e+02   1.8361000000000001e+00   1.3503936376751356e-03
   8.1200000000000000e+02   1.8357348445928590e+00   1.3648448982717938e-03
   8.1300000000000000e+02   1.8353495376316464e+00   1.4138843821520626e-03
   8.1400000000000000e+02   1.8347807827352915e+00   1.4629238660323312e-03
   8.1500000000000000e+02   1.8343619821978772e+00   1.5119633499126000e-03
   8.1600000000000000e+02   1.8342763930497306e+00   1.5610028337928689e-03
   8.1700000000000000e+02   1.8341263509463048e+00   1.6100423176731377e-03
   8.1800000000000000e+02   1.8334412434700693e+00   1.6590818015534065e-03
   8.1900000000000000e+02   1.8333195514466700e+00   1.7081212854336753e-03
   8.2000000000000000e+02   1.8332999999999999e+00   1.7571607693139442e-03
   8.2100000000000000e+02   1.8328866746595871e+00   1.8062002531942128e-03
   8.2200000000000000e+02   1.8324627150560642e+00   1.8552397370744816e-03
   8.2300000000000000e+02   1.8322168550873588e+00   1.9042792209547504e-03
   8.2400000000000000e+02   1.8315914662329880e+00   1.9533187048350192e-03
   8.2500000000000000e+02   1.8315058717795085e+00   2.0023581887152883e-03
   8.2600000000000000e+02   1.8308618908966343e+00   2.0513976725955569e-03
   8.2700000000000000e+02   1.8306346315158777e+00   2.1004371564758255e-03
   8.2800000000000000e+02   1.8305490370623985e+00   2.1494766403560945e-03
   8.2900000000000000e+02   1.8301708144215123e+00   2.1985161242363631e-03
   8.3000000000000000e+02   1.8295999999999999e+00   2.2475556081166317e-03
   8.3100000000000000e+02   1.8295375181981672e+00   2.2965950919969003e-03
   8.3200000000000000e+02   1.8288524107219319e+00   2.3456345758771694e-03
   8.3300000000000000e+02   1.8288000000000000e+00   2.3946740597574384e-03
   8.3400000000000000e+02   1.8282179326881904e+00   2.4437135436377070e-03
   8.3500000000000000e+02   1.8279000000000001e+00   2.5146329740641277e-03
   8.3600000000000000e+02   1.8278282314672145e+00   2.5881960474379538e-03
   8.3700000000000000e+02   1.8275495332705318e+00   2.6617591208117795e-03
   8.3800000000000000e+02   1.8269928699820250e+00   2.7353221941856061e-03
   8.3900000000000000e+02   1.8269072755285458e+00   2.8088852675594322e-03
   8.4000000000000000e+02   1.8261947674916503e+00   2.8824483409332583e-03
   8.4100000000000000e+02   1.8260000000000001e+00   2.9560114143070840e-03
   8.4200000000000000e+02   1.8256033227712598e+00   3.0295744876809106e-03
   8.4300000000000000e+02   1.8251647919876732e+00   3.1031375610547363e-03
   8.4400000000000000e+02   1.8250999999999999e+00   3.1767006344285620e-03
   8.4500000000000000e+02   1.8250423482058746e+00   3.2502637078023885e-03
   8.4600000000000000e+02   1.8242716022951102e+00   3.3238267811762142e-03
   8.4700000000000000e+02   1.8242000000000000e+00   3.3973898545500403e-03
   8.4800000000000000e+02   1.8241367574045539e+00   3.4709529279238669e-03
   8.4900000000000000e+02   1.8237090776740601e+00   3.5445160012976930e-03
   8.5000000000000000e+02   1.8232655139946932e+00   3.6180790746715191e-03
   8.5100000000000000e+02   1.8230392737860752e+00   3.6916421480453453e-03
   8.5200000000000000e+02   1.8223942737310623e+00   3.7652052214191710e-03
   8.5300000000000000e+02   1.8223086792775829e+00   3.8387682947929971e-03
   8.5400000000000000e+02   1.8223000000000000e+00   3.9123313681668232e-03
   8.5500000000000000e+02   1.8217370471867773e+00   3.9858944415406498e-03
   8.5600000000000000e+02   1.8213999999999999e+00   4.0594575149144755e-03
   8.5700000000000000e+02   1.8210959917780061e+00   4.0978814135509507e-03
   8.5800000000000000e+02   1.8205000000000000e+00   4.1211738506767770e-03
   8.5900000000000000e+02   1.8204499871542348e+00   4.1444662878026024e-03
   8.6000000000000000e+02   1.8195936028089403e+00   4.1677587249284278e-03
   8.6100000000000000e+02   1.8194999999999999e+00   4.1910511620542532e-03
   8.6200000000000000e+02   1.8190050098484201e+00   4.2143435991800786e-03
   8.6300000000000000e+02   1.8187000000000000e+00   4.2376360363059039e-03
   8.6400000000000000e+02   1.8184021067054896e+00   4.2609284734317293e-03
   8.6500000000000000e+02   1.8178000000000001e+00   4.2842209105575547e-03
   8.6600000000000000e+02   1.8177913542201678e+00   4.3075133476833801e-03
   8.6700000000000000e+02   1.8176201506591338e+00   4.3308057848092055e-03
   8.6800000000000000e+02   1.8170710884645029e+00   4.3540982219350309e-03
   8.6900000000000000e+02   1.8168388342035435e+00   4.3773906590608563e-03
   8.7000000000000000e+02   1.8168000000000000e+00   4.4006830961866826e-03
   8.7100000000000000e+02   1.8165085809711399e+00   4.4239755333125071e-03
   8.7200000000000000e+02   1.8159000000000001e+00   4.4472679704383325e-03
   8.7300000000000000e+02   1.8158927929470172e+00   4.4705604075641579e-03
   8.7400000000000000e+02   1.8157216040400583e+00   4.4938528446899833e-03
   8.7500000000000000e+02   1.8151761839513574e+00   4.5171452818158087e-03
   8.7600000000000000e+02   1.8149395617563981e+00   4.5404377189416350e-03
   8.7700000000000000e+02   1.8145315176430283e+00   4.5637301560674604e-03
   8.7800000000000000e+02   1.8140683129333219e+00   4.5870225931932849e-03
   8.7900000000000000e+02   1.8138616768005480e+00   4.6103150303191112e-03
   8.8000000000000000e+02   1.8131970726696911e+00   4.6349661185651359e-03
   8.8100000000000000e+02   1.8131114782162114e+00   4.6623644823159229e-03
   8.8200000000000000e+02   1.8130999999999999e+00   4.6897628460667090e-03
   8.8300000000000000e+02   1.8128311943493152e+00   4.7171612098174959e-03
   8.8400000000000000e+02   1.8124459203767123e+00   4.7445595735682820e-03
   8.8500000000000000e+02   1.8119212212040763e+00   4.7719579373190690e-03
   8.8600000000000000e+02   1.8112999999999999e+00   4.7993563010698560e-03
   8.8700000000000000e+02   1.8112801918300934e+00   4.8267546648206429e-03
   8.8800000000000000e+02   1.8105094459193287e+00   4.8541530285714281e-03
   8.8900000000000000e+02   1.8104000000000000e+00   4.8815513923222160e-03
   8.9000000000000000e+02   1.8098092660786160e+00   4.9089497560730021e-03
   8.9100000000000000e+02   1.8093999999999999e+00   4.9363481198237890e-03
   8.9200000000000000e+02   1.8091575404641604e+00   4.9637464835745760e-03
   8.9300000000000000e+02   1.8086000000000000e+00   4.9911448473253621e-03
   8.9400000000000000e+02   1.8085984762883069e+00   5.0185432110761482e-03
   8.9500000000000000e+02   1.8085128745077896e+00   5.0459415748269352e-03
   8.9600000000000000e+02   1.8079179326881905e+00   5.0733399385777221e-03
   8.9700000000000000e+02   1.8075832662843447e+00   5.1007383023285082e-03
   8.9800000000000000e+02   1.8071921127001800e+00   5.1281366660792952e-03
   8.9900000000000000e+02   1.8067703928785412e+00   5.1555350298300813e-03
   9.0000000000000000e+02   1.8067000000000000e+00   5.1701000000000004e-03
   9.0100000000000000e+02   1.8066991954121372e+00   5.1701000000000004e-03
   9.0200000000000000e+02   1.8066136009586578e+00   5.1701000000000004e-03
   9.0300000000000000e+02   1.8060237561017385e+00   5.1701000000000004e-03
   9.0400000000000000e+02   1.8056847213900540e+00   5.1701000000000004e-03
   9.0500000000000000e+02   1.8052971822541966e+00   5.1701000000000004e-03
   9.0600000000000000e+02   1.8048711118719507e+00   5.1701000000000004e-03
   9.0700000000000000e+02   1.8048000000000000e+00   5.1701000000000004e-03
   9.0800000000000000e+02   1.8047992293200890e+00   5.1701000000000004e-03
   9.0900000000000000e+02   1.8040285494091455e+00   5.1701000000000004e-03
   9.1000000000000000e+02   1.8039000000000001e+00   5.1701000000000004e-03
   9.1100000000000000e+02   1.8033875310439325e+00   5.1701000000000004e-03
   9.1200000000000000e+02   1.8029999999999999e+00   5.1701000000000004e-03
   9.1300000000000000e+02   1.8027464245953584e+00   5.1701000000000004e-03
   9.1400000000000000e+02   1.8021000000000000e+00   5.1701000000000004e-03
   9.1500000000000000e+02   1.8021000000000000e+00   5.1701000000000004e-03
   9.1600000000000000e+02   1.8014196882760982e+00   5.1701000000000004e-03
   9.1700000000000000e+02   1.8012293588975434e+00   5.1701000000000004e-03
   9.1800000000000000e+02   1.8011437596302002e+00   5.1701000000000004e-03
   9.1900000000000000e+02   1.8007651194656162e+00   5.1701000000000004e-03
   9.2000000000000000e+02   1.8002725156209878e+00   5.1701000000000004e-03
   9.2100000000000000e+02   1.8002000000000000e+00   5.1982013090779398e-03
   9.2200000000000000e+02   1.8002000000000000e+00   5.2629061423220980e-03
   9.2300000000000000e+02   1.7994412006508522e+00   5.3276109755662571e-03
   9.2400000000000000e+02   1.7992999999999999e+00   5.3923158088104153e-03
   9.2500000000000000e+02   1.7988556392909136e+00   5.4570206420545752e-03
   9.2600000000000000e+02   1.7984588376273216e+00   5.5217254752987343e-03
   9.2700000000000000e+02   1.7983732431738424e+00   5.5864303085428925e-03
   9.2800000000000000e+02   1.7981887813650765e+00   5.6511351417870507e-03
   9.2900000000000000e+02   1.7974180354543121e+00   5.7158399750312106e-03
   9.3000000000000000e+02   1.7974000000000001e+00   5.7805448082753688e-03
   9.3100000000000000e+02   1.7968461591162113e+00   5.8452496415195279e-03
   9.3200000000000000e+02   1.7965451596336557e+00   5.9099544747636869e-03
   9.3300000000000000e+02   1.7961763552282264e+00   5.9746593080078460e-03
   9.3400000000000000e+02   1.7956478387400499e+00   6.0393641412520042e-03
   9.3500000000000000e+02   1.7955000000000001e+00   6.0947501875340433e-03
   9.3600000000000000e+02   1.7955000000000001e+00   6.1370970866080447e-03
   9.3700000000000000e+02   1.7949195940738203e+00   6.1794439856820470e-03
   9.3800000000000000e+02   1.7947314816399897e+00   6.2217908847560493e-03
   9.3900000000000000e+02   1.7942668379582050e+00   6.2641377838300507e-03
   9.4000000000000000e+02   1.7938602362204725e+00   6.3064846829040530e-03
   9.4100000000000000e+02   1.7935970711655391e+00   6.3488315819780552e-03
   9.4200000000000000e+02   1.7929890001712034e+00   6.3911784810520567e-03
   9.4300000000000000e+02   1.7929033983906866e+00   6.4335253801260581e-03
   9.4400000000000000e+02   1.7922420912905712e+00   6.4758722792000612e-03
   9.4500000000000000e+02   1.7920321578361724e+00   6.5182191782740626e-03
   9.4600000000000000e+02   1.7915722874025863e+00   6.5605660773480658e-03
   9.4700000000000000e+02   1.7911609175725414e+00   6.6029129764220672e-03
   9.4800000000000000e+02   1.7910999999999999e+00   6.6452598754960686e-03
   9.4900000000000000e+02   1.7910074334161172e+00   6.6876067745700717e-03
   9.5000000000000000e+02   1.7902366875053524e+00   6.7299536736440731e-03
   9.5100000000000000e+02   1.7902000000000000e+00   6.7723005727180745e-03
   9.5200000000000000e+02   1.7895956581313692e+00   6.8146474717920777e-03
   9.5300000000000000e+02   1.7892999999999999e+00   6.8569943708660791e-03
   9.5400000000000000e+02   1.7892616365659504e+00   6.8993412699400805e-03
   9.5500000000000000e+02   1.7890082384174018e+00   6.9416881690140828e-03
   9.5600000000000000e+02   1.7883903963023196e+00   6.9840350680880851e-03
   9.5700000000000000e+02   1.7883048018488401e+00   7.0263819671620873e-03
   9.5800000000000000e+02   1.7883000000000000e+00   7.0687288662360888e-03
   9.5900000000000000e+02   1.7876357883017899e+00   7.1110757653100910e-03
   9.6000000000000000e+02   1.7873000000000001e+00   7.1534226643840933e-03
   9.6100000000000000e+02   1.7869987582426994e+00   7.1947101434389291e-03
   9.6200000000000000e+02   1.7865000000000000e+00   7.2355749216131459e-03
   9.6300000000000000e+02   1.7864200736490536e+00   7.2764396997873626e-03
   9.6400000000000000e+02   1.7856493277382890e+00   7.3173044779615802e-03
   9.6500000000000000e+02   1.7856000000000001e+00   7.3581692561357969e-03
   9.6600000000000000e+02   1.7854685670261943e+00   7.3990340343100137e-03
   9.6700000000000000e+02   1.7850406183094973e+00   7.4398988124842313e-03
   9.6800000000000000e+02   1.7846630403149877e+00   7.4807635906584489e-03
   9.6900000000000000e+02   1.7844194741800119e+00   7.5216283688326656e-03
   9.7000000000000000e+02   1.7837917993494266e+00   7.5624931470068832e-03
   9.7100000000000000e+02   1.7837061975689095e+00   7.6033579251811000e-03
   9.7200000000000000e+02   1.7830644943050440e+00   7.6442227033553167e-03
   9.7300000000000000e+02   1.7828349512069850e+00   7.6850874815295334e-03
   9.7400000000000000e+02   1.7827999999999999e+00   7.7259522597037510e-03
   9.7500000000000000e+02   1.7824737432559734e+00   7.7668170378779686e-03
   9.7600000000000000e+02   1.7819000000000000e+00   7.8076818160521845e-03
   9.7700000000000000e+02   1.7818325655077925e+00   7.8485465942264021e-03
   9.7800000000000000e+02   1.7810618855968487e+00   7.8894113724006197e-03
   9.7900000000000000e+02   1.7809999999999999e+00   7.9302761505748356e-03
   9.8000000000000000e+02   1.7804208615226513e+00   7.9711409287490532e-03
   9.8100000000000000e+02   1.7801000000000000e+00   8.0120057069232690e-03
   9.8200000000000000e+02   1.7800644410203734e+00   8.0528704850974867e-03
   9.8300000000000000e+02   1.7798306414318745e+00   8.0934726561909028e-03
   9.8400000000000000e+02   1.7791931952409481e+00   8.1338296867224293e-03
   9.8500000000000000e+02   1.7791076007874689e+00   8.1741867172539541e-03
   9.8600000000000000e+02   1.7784757300676544e+00   8.2145437477854789e-03
   9.8700000000000000e+02   1.7782363605238380e+00   8.2549007783170036e-03
   9.8800000000000000e+02   1.7778059261796697e+00   8.2952578088485284e-03
   9.8900000000000000e+02   1.7773302345488786e+00   8.3356148393800532e-03
   9.9000000000000000e+02   1.7770565470583199e+00   8.3759718699115780e-03
   9.9100000000000000e+02   1.7764938714371308e+00   8.4163289004431027e-03
   9.9200000000000000e+02   1.7764082769836513e+00   8.4566859309746275e-03
   9.9300000000000000e+02   1.7757037852188065e+00   8.4970429615061523e-03
   9.9400000000000000e+02   1.7755000000000001e+00   8.5373999920376788e-03
   9.9500000000000000e+02   1.7755000000000001e+00   8.5777570225692018e-03
   9.9600000000000000e+02   1.7754316785072328e+00   8.6181140531007283e-03
   9.9700000000000000e+02   1.7751616425451744e+00   8.6584710836322513e-03
   9.9800000000000000e+02   1.7745945989899854e+00   8.6988281141637779e-03
   9.9900000000000000e+02   1.7745090045365060e+00   8.7391851446953026e-03
   1.0000000000000000e+03   1.7745000000000000e+00   8.7795421752268274e-03
   1.0010000000000000e+03   1.7739399760212384e+00   8.8198992057583504e-03
   1.0020000000000000e+03   1.7736000000000001e+00   8.8602562362898769e-03
   1.0030000000000000e+03   1.7732989466472553e+00   8.9006132668214034e-03
   1.0040000000000000e+03   1.7726999999999999e+00   8.9409702973529265e-03
   1.0050000000000000e+03   1.7726579172732722e+00   8.9813273278844512e-03
   1.0060000000000000e+03   1.7718871713625075e+00   9.0216843584159760e-03
   1.0070000000000000e+03   1.7718000000000000e+00   9.0620413889475008e-03
   1.0080000000000000e+03   1.7713075869155677e+00   9.1023984194790256e-03
   1.0090000000000000e+03   1.7709528374561327e+00   9.1427554500105503e-03
   1.0100000000000000e+03   1.7708672430026535e+00   9.1831124805420751e-03
   1.0110000000000000e+03   1.7706531129570950e+00   9.2234695110735999e-03
   1.0120000000000000e+03   1.7699960023968497e+00   9.2638265416051246e-03
   1.0130000000000000e+03   1.7699104006163326e+00   9.3041835721366511e-03
   1.0140000000000000e+03   1.7692981330821271e+00   9.3445406026681742e-03
   1.0150000000000000e+03   1.7690391594624666e+00   9.3848976331997007e-03
   1.0160000000000000e+03   1.7686283291941423e+00   9.4252546637312237e-03
   1.0170000000000000e+03   1.7681679164526622e+00   9.4656116942627502e-03
   1.0180000000000000e+03   1.7679584689159105e+00   9.5059687247942750e-03
   1.0190000000000000e+03   1.7673000000000001e+00   9.5463257553257998e-03
   1.0200000000000000e+03   1.7673000000000001e+00   9.5866827858573245e-03
   1.0210000000000000e+03   1.7671509629376017e+00   9.6270398163888493e-03
   1.0220000000000000e+03   1.7666789928920097e+00   9.6673968469203723e-03
   1.0230000000000000e+03   1.7663542412051700e+00   9.7077538774518989e-03
   1.0240000000000000e+03   1.7660176757728869e+00   9.7481109079834236e-03
   1.0250000000000000e+03   1.7654000000000001e+00   9.7884679385149484e-03
   1.0260000000000000e+03   1.7653791727327224e+00   9.8288249690464732e-03
   1.0270000000000000e+03   1.7646940652564871e+00   9.8691819995779997e-03
   1.0280000000000000e+03   1.7645261576649833e+00   9.9095390301095227e-03
   1.0290000000000000e+03   1.7640242613685024e+00   9.9498960606410492e-03
   1.0300000000000000e+03   1.7636098348027049e+00   9.9902530911725723e-03
   1.0310000000000000e+03   1.7635000000000001e+00   1.0030610121704099e-02
   1.0320000000000000e+03   1.7633696925580200e+00   1.0070967152235622e-02
   1.0330000000000000e+03   1.7626999999999999e+00   1.0112715787989638e-02
   1.0340000000000000e+03   1.7626999999999999e+00   1.0158032209905667e-02
   1.0350000000000000e+03   1.7620416288430247e+00   1.0203348631821697e-02
   1.0360000000000000e+03   1.7618000000000000e+00   1.0248665053737727e-02
   1.0370000000000000e+03   1.7614005994690416e+00   1.0293981475653755e-02
   1.0380000000000000e+03   1.7608999999999999e+00   1.0339297897569783e-02
   1.0390000000000000e+03   1.7607594279842438e+00   1.0384614319485810e-02
   1.0400000000000000e+03   1.7600000000000000e+00   1.0429930741401840e-02
   1.0410000000000000e+03   1.7600000000000000e+00   1.0475247163317868e-02
   1.0420000000000000e+03   1.7599275614140204e+00   1.0520563585233896e-02
   1.0430000000000000e+03   1.7594354971311126e+00   1.0565880007149926e-02
   1.0440000000000000e+03   1.7590563174114022e+00   1.0611196429065954e-02
   1.0450000000000000e+03   1.7587656247323800e+00   1.0656512850981983e-02
   1.0460000000000000e+03   1.7581850723273131e+00   1.0701829272898013e-02
   1.0470000000000000e+03   1.7580952984499443e+00   1.0747145694814039e-02
   1.0480000000000000e+03   1.7573245525391794e+00   1.0792462116730069e-02
   1.0490000000000000e+03   1.7572000000000001e+00   1.0837778538646098e-02
   1.0500000000000000e+03   1.7567408701610141e+00   1.0883094960562126e-02
   1.0510000000000000e+03   1.7563569887871266e+00   1.0928411382478156e-02
   1.0520000000000000e+03   1.7563000000000000e+00   1.0973727804394182e-02
   1.0530000000000000e+03   1.7561578523719814e+00   1.1019044226310212e-02
   1.0540000000000000e+03   1.7553015413598219e+00   1.1064360648226241e-02
   1.0550000000000000e+03   1.7553000000000001e+00   1.1109677070142269e-02
   1.0560000000000000e+03   1.7547313607947248e+00   1.1154993492058297e-02
   1.0570000000000000e+03   1.7544999999999999e+00   1.1200309913974325e-02
   1.0580000000000000e+03   1.7541615569067397e+00   1.1245626335890355e-02
   1.0590000000000000e+03   1.7536720705298294e+00   1.1290942757806384e-02
   1.0600000000000000e+03   1.7535729498373567e+00   1.1336259179722412e-02
   1.0610000000000000e+03   1.7534017462763227e+00   1.1381575601638440e-02
   1.0620000000000000e+03   1.7528066455425193e+00   1.1426892023554468e-02
   1.0630000000000000e+03   1.7526296327997946e+00   1.1472208445470497e-02
   1.0640000000000000e+03   1.7521520767320373e+00   1.1517524867386525e-02
   1.0650000000000000e+03   1.7517583925361637e+00   1.1562841289302555e-02
   1.0660000000000000e+03   1.7514822541966426e+00   1.1608157711218585e-02
   1.0670000000000000e+03   1.7508871437130873e+00   1.1653474133134613e-02
   1.0680000000000000e+03   1.7508015492596081e+00   1.1698790555050641e-02
   1.0690000000000000e+03   1.7501272929690845e+00   1.1744106976966670e-02
   1.0700000000000000e+03   1.7500000000000000e+00   1.1789423398882698e-02
   1.0710000000000000e+03   1.7499447145424978e+00   1.1834739820798726e-02
   1.0720000000000000e+03   1.7495318917530187e+00   1.1880056242714756e-02
   1.0730000000000000e+03   1.7490000000000001e+00   1.1923962793971139e-02
   1.0740000000000000e+03   1.7489028600787806e+00   1.1966761140052832e-02
   1.0750000000000000e+03   1.7482178112690530e+00   1.2009559486134523e-02
   1.0760000000000000e+03   1.7481166310023111e+00   1.2052357832216216e-02
   1.0770000000000000e+03   1.7475480089063975e+00   1.2095156178297910e-02
   1.0780000000000000e+03   1.7471907814773604e+00   1.2137954524379602e-02
   1.0790000000000000e+03   1.7471000000000001e+00   1.2180752870461295e-02
   1.0800000000000000e+03   1.7468934400959151e+00   1.2223551216542986e-02
   1.0810000000000000e+03   1.7463000000000000e+00   1.2266349562624679e-02
   1.0820000000000000e+03   1.7463000000000000e+00   1.2309147908706372e-02
   1.0830000000000000e+03   1.7455558448231567e+00   1.2351946254788063e-02
   1.0840000000000000e+03   1.7454000000000001e+00   1.2394744600869756e-02
   1.0850000000000000e+03   1.7449148154491736e+00   1.2437542946951447e-02
   1.0860000000000000e+03   1.7444999999999999e+00   1.2480341293033142e-02
   1.0870000000000000e+03   1.7442736896197328e+00   1.2523139639114833e-02
   1.0880000000000000e+03   1.7436000000000000e+00   1.2565937985196524e-02
   1.0890000000000000e+03   1.7436000000000000e+00   1.2608736331278219e-02
   1.0900000000000000e+03   1.7428619337158517e+00   1.2651534677359910e-02
   1.0910000000000000e+03   1.7426999999999999e+00   1.2694333023441603e-02
   1.0920000000000000e+03   1.7426467899332305e+00   1.2737131369523296e-02
   1.0930000000000000e+03   1.7422893722702746e+00   1.2779929715604987e-02
   1.0940000000000000e+03   1.7417755456646411e+00   1.2822728061686680e-02
   1.0950000000000000e+03   1.7416195683822899e+00   1.2865526407768373e-02
   1.0960000000000000e+03   1.7409344609060544e+00   1.2908324753850065e-02
   1.0970000000000000e+03   1.7408187109475306e+00   1.2951123099931759e-02
   1.0980000000000000e+03   1.7402646111682083e+00   1.2993921446013450e-02
   1.0990000000000000e+03   1.7399474621244544e+00   1.3036719792095143e-02
   1.1000000000000000e+03   1.7399000000000000e+00   1.3079518138176836e-02
   1.1010000000000000e+03   1.7396625246210500e+00   1.3122316484258528e-02
   1.1020000000000000e+03   1.7388999999999999e+00   1.3165114830340219e-02
   1.1030000000000000e+03   1.7388999999999999e+00   1.3207913176421913e-02
   1.1040000000000000e+03   1.7382551768433672e+00   1.3250711522503605e-02
   1.1050000000000000e+03   1.7381000000000000e+00   1.3293509868585296e-02
   1.1060000000000000e+03   1.7376334675002143e+00   1.3336308214666991e-02
   1.1070000000000000e+03   1.7372000000000001e+00   1.3379106560748682e-02
   1.1080000000000000e+03   1.7369924381262312e+00   1.3421904906830377e-02
   1.1090000000000000e+03   1.7363000000000000e+00   1.3464703252912068e-02
   1.1100000000000000e+03   1.7363000000000000e+00   1.3507501598993759e-02
   1.1110000000000000e+03   1.7362201078582435e+00   1.3550299945075452e-02
   1.1120000000000000e+03   1.7356758242699324e+00   1.3593098291157145e-02
   1.1130000000000000e+03   1.7353488658734915e+00   1.3635896637238836e-02
   1.1140000000000000e+03   1.7353000000000001e+00   1.3678694983320529e-02
   1.1150000000000000e+03   1.7352553368141745e+00   1.3728282951158684e-02
   1.1160000000000000e+03   1.7350444891667383e+00   1.3784601053824333e-02
   1.1170000000000000e+03   1.7344450201250321e+00   1.3840919156489981e-02
   1.1180000000000000e+03   1.7343208336899769e+00   1.3897237259155631e-02
   1.1190000000000000e+03   1.7343000000000000e+00   1.3953555361821275e-02
   1.1200000000000000e+03   1.7338465701806971e+00   1.4009873464486927e-02
   1.1210000000000000e+03   1.7331118437954958e+00   1.4066191567152574e-02
   1.1220000000000000e+03   1.7330540095956133e+00   1.4122509669818224e-02
   1.1230000000000000e+03   1.7317927067282999e+00   1.4178827772483872e-02
   1.1240000000000000e+03   1.7317071049477830e+00   1.4235145875149520e-02
   1.1250000000000000e+03   1.7310717564442921e+00   1.4291463977815168e-02
   1.1260000000000000e+03   1.7308358640760080e+00   1.4347782080480816e-02
   1.1270000000000000e+03   1.7304019525563075e+00   1.4404100183146466e-02
   1.1280000000000000e+03   1.7299646238123771e+00   1.4460418285812116e-02
   1.1290000000000000e+03   1.7297111510791368e+00   1.4516736388477763e-02
   1.1300000000000000e+03   1.7289469772221273e+00   1.4573054491143409e-02
   1.1310000000000000e+03   1.7282619284123995e+00   1.4629372593809059e-02
   1.1320000000000000e+03   1.7282000000000000e+00   1.4685690696474709e-02
   1.1330000000000000e+03   1.7281365402721902e+00   1.4742008799140355e-02
   1.1340000000000000e+03   1.7277073649053696e+00   1.4798326901806005e-02
   1.1350000000000000e+03   1.7272305940763568e+00   1.4854645004471654e-02
   1.1360000000000000e+03   1.7269577937649880e+00   1.4910963107137302e-02
   1.1370000000000000e+03   1.7263940431359124e+00   1.4967281209802950e-02
   1.1380000000000000e+03   1.7263084560082165e+00   1.5023599312468600e-02
   1.1390000000000000e+03   1.7256825811424168e+00   1.5079917415134248e-02
   1.1400000000000000e+03   1.7254372164683729e+00   1.5136235517799898e-02
   1.1410000000000000e+03   1.7250127772544319e+00   1.5192553620465545e-02
   1.1420000000000000e+03   1.7245659732922445e+00   1.5248871723131193e-02
   1.1430000000000000e+03   1.7243429048556991e+00   1.5305189825796841e-02
   1.1440000000000000e+03   1.7236947273816656e+00   1.5361507928462489e-02
   1.1450000000000000e+03   1.7236091329281862e+00   1.5417826031128139e-02
   1.1460000000000000e+03   1.7236000000000000e+00   1.5474144133793787e-02
   1.1470000000000000e+03   1.7230411613566288e+00   1.5530462236459435e-02
   1.1480000000000000e+03   1.7226999999999999e+00   1.5586780339125084e-02
   1.1490000000000000e+03   1.7224334246809967e+00   1.5643098441790734e-02
   1.1500000000000000e+03   1.7218810477657935e+00   1.5699416544456380e-02
   1.1510000000000000e+03   1.7217954467648067e+00   1.5755734647122030e-02
   1.1520000000000000e+03   1.7217098596371105e+00   1.5812052749787676e-02
   1.1530000000000000e+03   1.7210180440181553e+00   1.5868370852453326e-02
   1.1540000000000000e+03   1.7208000000000001e+00   1.5924688955118976e-02
   1.1550000000000000e+03   1.7204239445062945e+00   1.5981007057784623e-02
   1.1560000000000000e+03   1.7199673713943338e+00   1.6037325160450273e-02
   1.1570000000000000e+03   1.7197541406183094e+00   1.6093643263115919e-02
   1.1580000000000000e+03   1.7190922622614055e+00   1.6149961365781569e-02
   1.1590000000000000e+03   1.7189210733544469e+00   1.6206363156468021e-02
   1.1600000000000000e+03   1.7183743255973281e+00   1.6263431824342638e-02
   1.1610000000000000e+03   1.7181999999999999e+00   1.6320500492217258e-02
   1.1620000000000000e+03   1.7177830264622762e+00   1.6377569160091879e-02
   1.1630000000000000e+03   1.7173000000000000e+00   1.6434637827966499e-02
   1.1640000000000000e+03   1.7171419970882933e+00   1.6491706495841120e-02
   1.1650000000000000e+03   1.7163744454911365e+00   1.6548775163715737e-02
   1.1660000000000000e+03   1.7156893380149012e+00   1.6605843831590358e-02
   1.1670000000000000e+03   1.7155255670632543e+00   1.6662912499464978e-02
   1.1680000000000000e+03   1.7155000000000000e+00   1.6719981167339599e-02
   1.1690000000000000e+03   1.7150890734714848e+00   1.6777049835214219e-02
   1.1700000000000000e+03   1.7145999999999999e+00   1.6834118503088837e-02
   1.1710000000000000e+03   1.7144480859809883e+00   1.6891187170963461e-02
   1.1720000000000000e+03   1.7137000000000000e+00   1.6948255838838081e-02
   1.1730000000000000e+03   1.7137000000000000e+00   1.7005324506712702e-02
   1.1740000000000000e+03   1.7130363106962405e+00   1.7062393174587322e-02
   1.1750000000000000e+03   1.7128000000000001e+00   1.7119461842461939e-02
   1.1760000000000000e+03   1.7127550457930325e+00   1.7176530510336560e-02
   1.1770000000000000e+03   1.7124554851417313e+00   1.7233599178211181e-02
   1.1780000000000000e+03   1.7118838041431261e+00   1.7290667846085801e-02
   1.1790000000000000e+03   1.7117838157218701e+00   1.7347736513960425e-02
   1.1800000000000000e+03   1.7110131358109266e+00   1.7404805181835042e-02
   1.1810000000000000e+03   1.7109000000000001e+00   1.7461873849709663e-02
   1.1820000000000000e+03   1.7104307013787787e+00   1.7518942517584284e-02
   1.1830000000000000e+03   1.7100557219892152e+00   1.7576011185458901e-02
   1.1840000000000000e+03   1.7097608974907939e+00   1.7633079853333525e-02
   1.1850000000000000e+03   1.7091689634511686e+00   1.7690148521208142e-02
   1.1860000000000000e+03   1.7089922069024579e+00   1.7747217189082762e-02
   1.1870000000000000e+03   1.7083927378607517e+00   1.7804285856957383e-02
   1.1880000000000000e+03   1.7082276408149291e+00   1.7861354524832004e-02
   1.1890000000000000e+03   1.7077361137278411e+00   1.7918423192706624e-02
   1.1900000000000000e+03   1.7074000000000000e+00   1.7975491860581245e-02
   1.1910000000000000e+03   1.7071370985698382e+00   1.8032560528455865e-02
   1.1920000000000000e+03   1.7064999999999999e+00   1.8089629196330486e-02
   1.1930000000000000e+03   1.7064960691958551e+00   1.8146697864205107e-02
   1.1940000000000000e+03   1.7057253232850904e+00   1.8203766532079724e-02
   1.1950000000000000e+03   1.7056000000000000e+00   1.8260835199954344e-02
   1.1960000000000000e+03   1.7050269075961291e+00   1.8317903867828965e-02
   1.1970000000000000e+03   1.7045999999999999e+00   1.8374972535703585e-02
   1.1980000000000000e+03   1.7045999999999999e+00   1.8432041203578206e-02
   1.1990000000000000e+03   1.7044870257771687e+00   1.8489109871452827e-02
   1.2000000000000000e+03   1.7038019183009334e+00   1.8546178539327447e-02
