   4.3000000000000000e+02   2.0032090948017469e+00   3.7917102118031794e-03
   4.3100000000000000e+02   2.0025239873255121e+00   3.7572177282176092e-03
   4.3200000000000000e+02   2.0017937398304362e+00   3.7227252446320387e-03
   4.3300000000000000e+02   2.0010537723730408e+00   3.7059041136769601e-03
   4.3400000000000000e+02   2.0002371947562336e+00   3.6913522220914938e-03
   4.3500000000000000e+02   1.9996650415559936e+00   3.6768003305060275e-03
   4.3600000000000000e+02   1.9982084397223887e+00   3.6622484389205617e-03
   4.3700000000000000e+02   1.9973395478290656e+00   3.6476965473350945e-03
   4.3800000000000000e+02   1.9966868459364562e+00   3.6331446557496287e-03
   4.3900000000000000e+02   1.9959980215827335e+00   3.6185927641641620e-03
   4.4000000000000000e+02   1.9952575404641604e+00   3.6040408725786961e-03
   4.4100000000000000e+02   1.9945724439116288e+00   3.5894889809932298e-03
   4.4200000000000000e+02   1.9938842425280467e+00   3.5749370894077636e-03
   4.4300000000000000e+02   1.9930278581827523e+00   3.5603851978222977e-03
   4.4400000000000000e+02   1.9923900316862206e+00   3.5458333062368310e-03
   4.4500000000000000e+02   1.9916150894921643e+00   3.5312814146513647e-03
   4.4600000000000000e+02   1.9908910936028088e+00   3.5167295230658984e-03
   4.4700000000000000e+02   1.9902618566412604e+00   3.5021776314804322e-03
   4.4800000000000000e+02   1.9895613428106533e+00   3.4876257398949659e-03
   4.4900000000000000e+02   1.9887916416887896e+00   3.4730738483094992e-03
   4.5000000000000000e+02   1.9881065342125546e+00   3.4585219567240333e-03
   4.5100000000000000e+02   1.9874214267363193e+00   3.4439700651385670e-03
   4.5200000000000000e+02   1.9866783591675943e+00   3.4294181735531008e-03
   4.5300000000000000e+02   1.9859511819116134e+00   3.4148662819676340e-03
   4.5400000000000000e+02   1.9852660558314779e+00   3.4003143903821682e-03
   4.5500000000000000e+02   1.9845661214353001e+00   3.3857624987967019e-03
   4.5600000000000000e+02   1.9837958893551426e+00   3.3712106072112352e-03
   4.5700000000000000e+02   1.9831107818789073e+00   3.3566587156257694e-03
   4.5800000000000000e+02   1.9823538837030061e+00   3.3421068240403031e-03
   4.5900000000000000e+02   1.9816405669264365e+00   3.3275549324548368e-03
   4.6000000000000000e+02   1.9809554594502012e+00   3.3130030408693705e-03
   4.6100000000000000e+02   1.9802416459707117e+00   3.2984511492839038e-03
   4.6200000000000000e+02   1.9794852444977304e+00   3.2838992576984380e-03
   4.6300000000000000e+02   1.9788001370214952e+00   3.2693473661129712e-03
   4.6400000000000000e+02   1.9781150295452599e+00   3.2547954745275050e-03
   4.6500000000000000e+02   1.9773586623276524e+00   3.2402435829420387e-03
   4.6600000000000000e+02   1.9774452256572750e+00   3.2256916913565728e-03
   4.6700000000000000e+02   1.9767176329536698e+00   3.2111397997711066e-03
   4.6800000000000000e+02   1.9759750107048042e+00   3.1965879081856403e-03
   4.6900000000000000e+02   1.9752899032285689e+00   3.1820360166001736e-03
   4.7000000000000000e+02   1.9746047957523336e+00   3.1717886575981544e-03
   4.7100000000000000e+02   1.9738346493106105e+00   3.1660394911322120e-03
   4.7200000000000000e+02   1.9731345807998633e+00   3.1602903246662696e-03
   4.7300000000000000e+02   1.9723931574890812e+00   3.1545411582003273e-03
   4.7400000000000000e+02   1.9716643658473922e+00   3.1487919917343849e-03
   4.7500000000000000e+02   1.9717796009248953e+00   3.1430428252684430e-03
   4.7600000000000000e+02   1.9710813051297422e+00   3.1372936588024997e-03
   4.7700000000000000e+02   1.9703105592189774e+00   3.1315444923365578e-03
   4.7800000000000000e+02   1.9696242784961890e+00   3.1257953258706159e-03
   4.7900000000000000e+02   1.9688690673974478e+00   3.1200461594046731e-03
   4.8000000000000000e+02   1.9681540635437185e+00   3.1142969929387303e-03
   4.8100000000000000e+02   1.9674689277149711e+00   3.1085478264727883e-03
   4.8200000000000000e+02   1.9667567525905627e+00   3.1027986600068455e-03
   4.8300000000000000e+02   1.9667117581570608e+00   3.0970494935409036e-03
   4.8400000000000000e+02   1.9661122891153551e+00   3.0913003270749608e-03
   4.8500000000000000e+02   1.9652611715337844e+00   3.0855511606090189e-03
   4.8600000000000000e+02   1.9646133510319430e+00   3.0798019941430761e-03
   4.8700000000000000e+02   1.9639587222745569e+00   3.0740528276771342e-03
   4.8800000000000000e+02   1.9632328166481114e+00   3.0683036612111914e-03
   4.8900000000000000e+02   1.9626999999999999e+00   3.0625544947452494e-03
   4.9000000000000000e+02   1.9625917872741283e+00   3.0568053282793066e-03
   4.9100000000000000e+02   1.9618210413633639e+00   3.0510561618133647e-03
   4.9200000000000000e+02   1.9610502954525992e+00   3.0453069953474223e-03
   4.9300000000000000e+02   1.9604174274214268e+00   3.0395578288814800e-03
   4.9400000000000000e+02   1.9597088036310697e+00   3.0338086624155372e-03
   4.9500000000000000e+02   1.9589782735291597e+00   3.0280594959495948e-03
   4.9600000000000000e+02   1.9590676201079045e+00   3.0223103294836529e-03
   4.9700000000000000e+02   1.9583083404692583e+00   3.0165611630177105e-03
   4.9800000000000000e+02   1.9576232916595309e+00   3.0108119965517677e-03
   4.9900000000000000e+02   1.9568554594502015e+00   3.0050628300858253e-03
   5.0000000000000000e+02   1.9564266095890410e+00   2.9993136636198834e-03
   5.0100000000000000e+02   1.9560841438356165e+00   2.9935644971539411e-03
   5.0200000000000000e+02   1.9555436841654537e+00   2.9786622026273402e-03
   5.0300000000000000e+02   1.9547981673375012e+00   2.9631403177536905e-03
   5.0400000000000000e+02   1.9541891380638532e+00   2.9476184328800416e-03
   5.0500000000000000e+02   1.9541035436103740e+00   2.9320965480063919e-03
   5.0600000000000000e+02   1.9534432559732808e+00   2.9165746631327426e-03
   5.0700000000000000e+02   1.9527581020897569e+00   2.9010527782590933e-03
   5.0800000000000000e+02   1.9520195940738203e+00   2.8855308933854436e-03
   5.0900000000000000e+02   1.9512878650338272e+00   2.8700090085117943e-03
   5.1000000000000000e+02   1.9513539397053785e+00   2.8544871236381450e-03
   5.1100000000000000e+02   1.9505282497002909e+00   2.8389652387644957e-03
   5.1200000000000000e+02   1.9499288319917794e+00   2.8234433538908464e-03
   5.1300000000000000e+02   1.9492478461933715e+00   2.8079214690171967e-03
   5.1400000000000000e+02   1.9489657536591629e+00   2.7923995841435479e-03
   5.1500000000000000e+02   1.9485307870172131e+00   2.7768776992698981e-03
   5.1600000000000000e+02   1.9478545516827954e+00   2.7613558143962488e-03
   5.1700000000000000e+02   1.9473000000000000e+00   2.7458339295225991e-03
   5.1800000000000000e+02   1.9472134452342211e+00   2.7303120446489498e-03
   5.1900000000000000e+02   1.9464426993234563e+00   2.7147901597753005e-03
   5.2000000000000000e+02   1.9463999999999999e+00   2.6992682749016512e-03
   5.2100000000000000e+02   1.9458016699494731e+00   2.6837463900280020e-03
   5.2200000000000000e+02   1.9450830435899631e+00   2.6682245051543527e-03
   5.2300000000000000e+02   1.9443979361137278e+00   2.6527026202807034e-03
   5.2400000000000000e+02   1.9438766155953093e+00   2.6371807354070536e-03
   5.2500000000000000e+02   1.9437281322257429e+00   2.6216588505334039e-03
   5.2600000000000000e+02   1.9430430247495076e+00   2.6061369656597546e-03
   5.2700000000000000e+02   1.9422776569324314e+00   2.5906150807861053e-03
   5.2800000000000000e+02   1.9420999999999999e+00   2.5750931959124560e-03
   5.2900000000000000e+02   1.9416365504838571e+00   2.5595713110388068e-03
   5.3000000000000000e+02   1.9409029373983042e+00   2.5440494261651575e-03
   5.3100000000000000e+02   1.9403772404348198e+00   2.5285275412915082e-03
   5.3200000000000000e+02   1.9402331335103193e+00   2.5130056564178585e-03
   5.3300000000000000e+02   1.9395480260340843e+00   2.4974837715442092e-03
   5.3400000000000000e+02   1.9387832833775800e+00   2.4819618866705599e-03
   5.3500000000000000e+02   1.9386000000000001e+00   2.4664400017969106e-03
   5.3600000000000000e+02   1.9381930798218567e+00   2.4509181169232609e-03
   5.3700000000000000e+02   1.9377635110844817e+00   2.4353962320496116e-03
   5.3800000000000000e+02   1.9375232422711313e+00   2.4198743471759623e-03
   5.3900000000000000e+02   1.9368304016442581e+00   2.4043524623023125e-03
   5.4000000000000000e+02   1.9360596557334933e+00   2.3888305774286633e-03
   5.4100000000000000e+02   1.9353679198424254e+00   2.3733086925550140e-03
   5.4200000000000000e+02   1.9346828123661899e+00   2.3577868076813642e-03
   5.4300000000000000e+02   1.9346981159544403e+00   2.3422649228077154e-03
   5.4400000000000000e+02   1.9340130084782048e+00   2.3267430379340657e-03
   5.4500000000000000e+02   1.9334784986732860e+00   2.3112211530604168e-03
   5.4600000000000000e+02   1.9333361051639977e+00   2.2956992681867671e-03
   5.4700000000000000e+02   1.9325653592532330e+00   2.2801773833131178e-03
   5.4800000000000000e+02   1.9325000000000001e+00   2.2699249863182762e-03
   5.4900000000000000e+02   1.9319882247152522e+00   2.2821811081858369e-03
   5.5000000000000000e+02   1.9312535068938939e+00   2.2944372300533981e-03
   5.5100000000000000e+02   1.9308000000000001e+00   2.3066933519209588e-03
   5.5200000000000000e+02   1.9306124614594040e+00   2.3189494737885195e-03
   5.5300000000000000e+02   1.9298999999999999e+00   2.3312055956560811e-03
   5.5400000000000000e+02   1.9298999999999999e+00   2.3434617175236419e-03
   5.5500000000000000e+02   1.9292784019868117e+00   2.3557178393912026e-03
   5.5600000000000000e+02   1.9290366835031247e+00   2.3679739612587638e-03
   5.5700000000000000e+02   1.9286084946052404e+00   2.3802300831263245e-03
   5.5800000000000000e+02   1.9278888498758244e+00   2.3924862049938857e-03
   5.5900000000000000e+02   1.9273000000000000e+00   2.4047423268614464e-03
   5.6000000000000000e+02   1.9272739158354382e+00   2.4169984487290076e-03
   5.6100000000000000e+02   1.9268886253692366e+00   2.4292545705965687e-03
   5.6200000000000000e+02   1.9265033349030349e+00   2.4415106924641295e-03
   5.6300000000000000e+02   1.9258359681425024e+00   2.4537668143316902e-03
   5.6400000000000000e+02   1.9251135308726557e+00   2.4660229361992509e-03
   5.6500000000000000e+02   1.9246321407172815e+00   2.4782790580668121e-03
   5.6600000000000000e+02   1.9243632611115871e+00   2.4905351799343733e-03
   5.6700000000000000e+02   1.9237948296524567e+00   2.5027913018019340e-03
   5.6800000000000000e+02   1.9237092278719397e+00   2.5150474236694947e-03
   5.6900000000000000e+02   1.9230887994519610e+00   2.5273035455370555e-03
   5.7000000000000000e+02   1.9224037081442151e+00   2.5395596674046166e-03
   5.7100000000000000e+02   1.9220523454887861e+00   2.5518157892721778e-03
   5.7200000000000000e+02   1.9217338357454827e+00   2.5640719111397385e-03
   5.7300000000000000e+02   1.9211811007446717e+00   2.5763280330072997e-03
   5.7400000000000000e+02   1.9210640318574976e+00   2.5885841548748604e-03
   5.7500000000000000e+02   1.9203789243812621e+00   2.6008402767424216e-03
   5.7600000000000000e+02   1.9202242660275612e+00   2.6130963986099823e-03
   5.7700000000000000e+02   1.9197091204932772e+00   2.6253525204775431e-03
   5.7800000000000000e+02   1.9189300162713026e+00   2.6376086423451042e-03
   5.7900000000000000e+02   1.9184000000000001e+00   2.6498647642126650e-03
   5.8000000000000000e+02   1.9182723730410209e+00   2.6621208860802261e-03
   5.8100000000000000e+02   1.9176961311307026e+00   2.6743770079477869e-03
   5.8200000000000000e+02   1.9176105366772234e+00   2.6866331298153480e-03
   5.8300000000000000e+02   1.9169241329108506e+00   2.6988892516829092e-03
   5.8400000000000000e+02   1.9167000000000001e+00   2.7111453735504695e-03
   5.8500000000000000e+02   1.9163294253661043e+00   2.7234014954180307e-03
   5.8600000000000000e+02   1.9156123576261028e+00   2.7356576172855918e-03
   5.8700000000000000e+02   1.9150000000000000e+00   2.7479137391531526e-03
   5.8800000000000000e+02   1.9149712511775285e+00   2.7601698610207137e-03
   5.8900000000000000e+02   1.9142005052667637e+00   2.7724259828882745e-03
   5.9000000000000000e+02   1.9140999999999999e+00   2.7846821047558352e-03
   5.9100000000000000e+02   1.9135594758927805e+00   2.7969382266233964e-03
   5.9200000000000000e+02   1.9132000000000000e+00   2.8091943484909575e-03
   5.9300000000000000e+02   1.9129184465187978e+00   2.8148558294966370e-03
   5.9400000000000000e+02   1.9123000000000001e+00   2.8187367407191883e-03
   5.9500000000000000e+02   1.9122773400702235e+00   2.8226176519417397e-03
   5.9600000000000000e+02   1.9115065941594587e+00   2.8264985631642906e-03
   5.9700000000000000e+02   1.9114000000000000e+00   2.8303794743868419e-03
   5.9800000000000000e+02   1.9108061830949730e+00   2.8342603856093933e-03
   5.9900000000000000e+02   1.9100848591247752e+00   2.8381412968319446e-03
   6.0000000000000000e+02   1.9097000000000000e+00   2.8420222080544951e-03
   6.0100000000000000e+02   1.9096837613422359e+00   2.8459031192770469e-03
   6.0200000000000000e+02   1.9095852689277149e+00   2.8497840304995978e-03
   6.0300000000000000e+02   1.9089001027749228e+00   2.8536649417221487e-03
   6.0400000000000000e+02   1.9087269171516605e+00   2.8575458529447005e-03
   6.0500000000000000e+02   1.9082303588250407e+00   2.8614267641672519e-03
   6.0600000000000000e+02   1.9078556791919885e+00   2.8653076753898028e-03
   6.0700000000000000e+02   1.9075605549370558e+00   2.8691885866123541e-03
   6.0800000000000000e+02   1.9068598783934230e+00   2.8730694978349055e-03
   6.0900000000000000e+02   1.9060999999999999e+00   2.8769504090574568e-03
   6.1000000000000000e+02   1.9060999999999999e+00   2.8808313202800077e-03
   6.1100000000000000e+02   1.9054480260340840e+00   2.8847122315025587e-03
   6.1200000000000000e+02   1.9052000000000000e+00   2.8885931427251104e-03
   6.1300000000000000e+02   1.9048069966601009e+00   2.8924740539476614e-03
   6.1400000000000000e+02   1.9043000000000001e+00   2.8963549651702127e-03
   6.1500000000000000e+02   1.9041659016954959e+00   2.9002358763927641e-03
   6.1600000000000000e+02   1.9034000000000000e+00   2.9041167876153150e-03
   6.1700000000000000e+02   1.9034000000000000e+00   2.9079976988378659e-03
   6.1800000000000000e+02   1.9028258307639603e+00   2.9118786100604177e-03
   6.1900000000000000e+02   1.9024852447791853e+00   2.9157595212829686e-03
   6.2000000000000000e+02   1.9020990665410635e+00   2.9196404325055199e-03
   6.2100000000000000e+02   1.9016713857742018e+00   2.9235213437280713e-03
   6.2200000000000000e+02   1.9014862721589449e+00   2.9274022549506222e-03
   6.2300000000000000e+02   1.9008011646827097e+00   2.9312831661731731e-03
   6.2400000000000000e+02   1.9007145437425099e+00   2.9351640773957245e-03
   6.2500000000000000e+02   1.9001312922839770e+00   2.9390449886182758e-03
   6.2600000000000000e+02   1.8998433022340151e+00   2.9429258998408267e-03
   6.2700000000000000e+02   1.8994614883959919e+00   2.9468068110633781e-03
   6.2800000000000000e+02   1.8989720595788393e+00   2.9506877222859294e-03
   6.2900000000000000e+02   1.8987916159972595e+00   2.9545686335084808e-03
   6.3000000000000000e+02   1.8981065085210242e+00   2.9584495447310317e-03
   6.3100000000000000e+02   1.8980152186938286e+00   2.9623304559535830e-03
   6.3200000000000000e+02   1.8974367046330394e+00   2.9662113671761344e-03
   6.3300000000000000e+02   1.8971439784301978e+00   2.9700922783986853e-03
   6.3400000000000000e+02   1.8967669007450545e+00   2.9739731896212367e-03
   6.3500000000000000e+02   1.8962454716658108e+00   2.9778541008437880e-03
   6.3600000000000000e+02   1.8960098998030315e+00   2.9817350120663394e-03
   6.3700000000000000e+02   1.8954104307613258e+00   2.9856159232888903e-03
   6.3800000000000000e+02   1.8953158948900113e+00   2.9894968345114416e-03
   6.3900000000000000e+02   1.8946723816048643e+00   2.9940732153367526e-03
   6.4000000000000000e+02   1.8944000000000001e+00   3.0131390523837551e-03
   6.4100000000000000e+02   1.8940723130941164e+00   3.0322048894307579e-03
   6.4200000000000000e+02   1.8935734120869714e+00   3.0512707264777604e-03
   6.4300000000000000e+02   1.8934024406953840e+00   3.0703365635247623e-03
   6.4400000000000000e+02   1.8927173332191489e+00   3.0894024005717648e-03
   6.4500000000000000e+02   1.8925331421723872e+00   3.1084682376187672e-03
   6.4600000000000000e+02   1.8920165881647684e+00   3.1275340746657701e-03
   6.4700000000000000e+02   1.8917999999999999e+00   3.1465999117127720e-03
   6.4800000000000000e+02   1.8914373951019010e+00   3.1656657487597749e-03
   6.4900000000000000e+02   1.8909000000000000e+00   3.1847315858067773e-03
   6.5000000000000000e+02   1.8907963346750021e+00   3.2037974228537802e-03
   6.5100000000000000e+02   1.8900255887642372e+00   3.2228632599007822e-03
   6.5200000000000000e+02   1.8899999999999999e+00   3.2419290969477842e-03
   6.5300000000000000e+02   1.8899316528288965e+00   3.2609949339947866e-03
   6.5400000000000000e+02   1.8894682452684766e+00   3.2800607710417895e-03
   6.5500000000000000e+02   1.8890604091765111e+00   3.2991266080887919e-03
   6.5600000000000000e+02   1.8887731694784620e+00   3.3181924451357947e-03
   6.5700000000000000e+02   1.8880999999999999e+00   3.3372582821827972e-03
   6.5800000000000000e+02   1.8880999999999999e+00   3.3563241192297996e-03
   6.5900000000000000e+02   1.8874434615055236e+00   3.3753899562768020e-03
   6.6000000000000000e+02   1.8872323290250792e+00   3.3944557933238044e-03
   6.6100000000000000e+02   1.8867736211031176e+00   3.4135216303708069e-03
   6.6200000000000000e+02   1.8863221604040059e+00   3.4325874674178093e-03
   6.6300000000000000e+02   1.8860283120664554e+00   3.4516533044648117e-03
   6.6400000000000000e+02   1.8854085124603923e+00   3.4707191415118141e-03
   6.6500000000000000e+02   1.8846377665496274e+00   3.4897849785588166e-03
   6.6600000000000000e+02   1.8846000000000001e+00   3.5088508156058190e-03
   6.6700000000000000e+02   1.8845330052212617e+00   3.5279166526528214e-03
   6.6800000000000000e+02   1.8840790699666010e+00   3.5469824896998238e-03
   6.6900000000000000e+02   1.8836617616846429e+00   3.5660483267468263e-03
   6.7000000000000000e+02   1.8834091975678684e+00   3.5851141637938287e-03
   6.7100000000000000e+02   1.8827905161345544e+00   3.6041800008408311e-03
   6.7200000000000000e+02   1.8827049216810749e+00   3.6232458378878335e-03
   6.7300000000000000e+02   1.8820542862036480e+00   3.6423116749348364e-03
   6.7400000000000000e+02   1.8818336814174441e+00   3.6613775119818384e-03
   6.7500000000000000e+02   1.8817999999999999e+00   3.6804433490288408e-03
   6.7600000000000000e+02   1.8814621820673116e+00   3.6995091860758432e-03
   6.7700000000000000e+02   1.8809000000000000e+00   3.7185750231228461e-03
   6.7800000000000000e+02   1.8808299135051811e+00   3.7376408601698485e-03
   6.7900000000000000e+02   1.8801448060289458e+00   3.7567066972168509e-03
   6.8000000000000000e+02   1.8800200034237782e+00   3.7757725342638538e-03
   6.8100000000000000e+02   1.8794750021409607e+00   3.7948383713108554e-03
   6.8200000000000000e+02   1.8791487543874670e+00   3.8139042083578582e-03
   6.8300000000000000e+02   1.8787681938854159e+00   3.8329700454048606e-03
   6.8400000000000000e+02   1.8782000000000001e+00   3.8520358824518631e-03
   6.8500000000000000e+02   1.8781838397671833e+00   3.8711017194988659e-03
   6.8600000000000000e+02   1.8780126508602242e+00   3.8901675565458683e-03
   6.8700000000000000e+02   1.8774448317204759e+00   3.9092333935928708e-03
   6.8800000000000000e+02   1.8773000000000000e+00   3.9282992306398732e-03
   6.8900000000000000e+02   1.8767945619594073e+00   3.9473650676868756e-03
   6.9000000000000000e+02   1.8763000000000001e+00   3.9664309047338780e-03
   6.9100000000000000e+02   1.8761258456795409e+00   3.9854967417808805e-03
   6.9200000000000000e+02   1.8754999999999999e+00   4.0045625788278829e-03
   6.9300000000000000e+02   1.8754999999999999e+00   4.0236284158748853e-03
   6.9400000000000000e+02   1.8747923011047358e+00   4.0426942529218877e-03
   6.9500000000000000e+02   1.8746000000000000e+00   4.0617600899688902e-03
   6.9600000000000000e+02   1.8745501540832050e+00   4.0808259270158926e-03
   6.9700000000000000e+02   1.8742163212878920e+00   4.0998917640628950e-03
   6.9800000000000000e+02   1.8736789180861080e+00   4.1189576011098974e-03
   6.9900000000000000e+02   1.8735465616168536e+00   4.1380234381568999e-03
   7.0000000000000000e+02   1.8728614541406183e+00   4.1570892752039023e-03
   7.0100000000000000e+02   1.8727220766991954e+00   4.1761551122509056e-03
   7.0200000000000000e+02   1.8721915817418857e+00   4.1952209492979071e-03
   7.0300000000000000e+02   1.8718508345459213e+00   4.2142867863449104e-03
   7.0400000000000000e+02   1.8717999999999999e+00   4.2333526233919120e-03
   7.0500000000000000e+02   1.8716166395478291e+00   4.2524184604389144e-03
   7.0600000000000000e+02   1.8709000000000000e+00   4.2739097369090834e-03
   7.0700000000000000e+02   1.8709000000000000e+00   4.2984259996261204e-03
   7.0800000000000000e+02   1.8702048642630815e+00   4.3229422623431574e-03
   7.0900000000000000e+02   1.8700000000000001e+00   4.3474585250601935e-03
   7.1000000000000000e+02   1.8695638348890982e+00   4.3719747877772304e-03
   7.1100000000000000e+02   1.8689295303737317e+00   4.3964910504942674e-03
   7.1200000000000000e+02   1.8685014298557303e+00   4.4210073132113052e-03
   7.1300000000000000e+02   1.8681000000000001e+00   4.4455235759283422e-03
   7.1400000000000000e+02   1.8681000000000001e+00   4.4700398386453791e-03
   7.1500000000000000e+02   1.8674875139162457e+00   4.4945561013624161e-03
   7.1600000000000000e+02   1.8673000000000000e+00   4.5190723640794531e-03
   7.1700000000000000e+02   1.8672522301172845e+00   4.5435886267964900e-03
   7.1800000000000000e+02   1.8669328994690872e+00   4.5681048895135270e-03
   7.1900000000000000e+02   1.8663619789437644e+00   4.5926211522305639e-03
   7.2000000000000000e+02   1.8661677485655563e+00   4.6171374149476009e-03
   7.2100000000000000e+02   1.8655682795238502e+00   4.6416536776646379e-03
   7.2200000000000000e+02   1.8654241547547719e+00   4.6661699403816748e-03
   7.2300000000000000e+02   1.8649082298535582e+00   4.6906862030987127e-03
   7.2400000000000000e+02   1.8645529104605376e+00   4.7152024658157488e-03
   7.2500000000000000e+02   1.8645000000000000e+00   4.7397187285327866e-03
   7.2600000000000000e+02   1.8643353686734607e+00   4.7642349912498227e-03
   7.2700000000000000e+02   1.8635999999999999e+00   4.7887512539668605e-03
   7.2800000000000000e+02   1.8635999999999999e+00   4.8132675166838966e-03
   7.2900000000000000e+02   1.8629987496788560e+00   4.8377837794009344e-03
   7.3000000000000000e+02   1.8627392312960112e+00   4.8623000421179714e-03
   7.3100000000000000e+02   1.8622824869401386e+00   4.8868163048350084e-03
   7.3200000000000000e+02   1.8617999999999999e+00   4.9113325675520453e-03
   7.3300000000000000e+02   1.8616590733921385e+00   4.9358488302690823e-03
   7.3400000000000000e+02   1.8609967474107678e+00   4.9603650929861192e-03
   7.3500000000000000e+02   1.8609111529572884e+00   4.9848813557031562e-03
   7.3600000000000000e+02   1.8608255521314843e+00   5.0093976184201932e-03
   7.3700000000000000e+02   1.8602593217435985e+00   5.0339138811372301e-03
   7.3800000000000000e+02   1.8599000000000001e+00   5.0584301438542671e-03
   7.3900000000000000e+02   1.8596495932174359e+00   5.0829464065713040e-03
   7.4000000000000000e+02   1.8591000000000000e+00   5.1074626692883419e-03
   7.4100000000000000e+02   1.8590772610483042e+00   5.1319789320053788e-03
   7.4200000000000000e+02   1.8583064491264134e+00   5.1564951947224149e-03
   7.4300000000000000e+02   1.8582000000000001e+00   5.1810114574394528e-03
   7.4400000000000000e+02   1.8576654106362938e+00   5.2055277201564897e-03
   7.4500000000000000e+02   1.8573000000000000e+00   5.2300439828735267e-03
   7.4600000000000000e+02   1.8572693854844231e+00   5.2545602455905628e-03
   7.4700000000000000e+02   1.8570703091547487e+00   5.2790765083075997e-03
   7.4800000000000000e+02   1.8563981510015410e+00   5.3035927710246376e-03
   7.4900000000000000e+02   1.8563125492210237e+00   5.3281090337416745e-03
   7.5000000000000000e+02   1.8557153292797808e+00   5.3537061299066546e-03
   7.5100000000000000e+02   1.8554413078832490e+00   5.4017699622956813e-03
   7.5200000000000000e+02   1.8550455253917959e+00   5.4498337946847089e-03
   7.5300000000000000e+02   1.8545700676196182e+00   5.4978976270737357e-03
   7.5400000000000000e+02   1.8545000000000000e+00   5.5459614594627633e-03
   7.5500000000000000e+02   1.8544898261539779e+00   5.5940252918517909e-03
   7.5600000000000000e+02   1.8537190802432131e+00   5.6420891242408176e-03
   7.5700000000000000e+02   1.8535999999999999e+00   5.6901529566298443e-03
   7.5800000000000000e+02   1.8530780508692302e+00   5.7382167890188719e-03
   7.5900000000000000e+02   1.8527000000000000e+00   5.7862806214078986e-03
   7.6000000000000000e+02   1.8526707926724879e+00   5.8343444537969254e-03
   7.6100000000000000e+02   1.8524814764066111e+00   5.8824082861859521e-03
   7.6200000000000000e+02   1.8517995463493964e+00   5.9304721185749797e-03
   7.6300000000000000e+02   1.8517139518959171e+00   5.9785359509640073e-03
   7.6400000000000000e+02   1.8516999999999999e+00   6.0265997833530340e-03
   7.6500000000000000e+02   1.8511846022094716e+00   6.0746636157420607e-03
   7.6600000000000000e+02   1.8508000000000000e+00   6.1227274481310892e-03
   7.6700000000000000e+02   1.8505149952898861e+00   6.1707912805201159e-03
   7.6800000000000000e+02   1.8498000000000001e+00   6.2188551129091427e-03
   7.6900000000000000e+02   1.8498000000000001e+00   6.2669189452981703e-03
   7.7000000000000000e+02   1.8491170848676886e+00   6.3149827776871961e-03
   7.7100000000000000e+02   1.8490000000000000e+00   6.3630466100762246e-03
   7.7200000000000000e+02   1.8484906911021666e+00   6.4111104424652513e-03
   7.7300000000000000e+02   1.8481000000000001e+00   6.4591742748542780e-03
   7.7400000000000000e+02   1.8480443807241291e+00   6.5072381072433048e-03
   7.7500000000000000e+02   1.8478061231480689e+00   6.5553019396323332e-03
   7.7600000000000000e+02   1.8472066541063630e+00   6.6033657720213591e-03
   7.7700000000000000e+02   1.8471153556449542e+00   6.6514296044103867e-03
   7.7800000000000000e+02   1.8465378008050013e+00   6.6994934367994134e-03
   7.7900000000000000e+02   1.8462441058128585e+00   6.7475572691884401e-03
   7.8000000000000000e+02   1.8458678883370441e+00   6.7956211015774677e-03
   7.8100000000000000e+02   1.8453728665582472e+00   6.8436849339664953e-03
   7.8200000000000000e+02   1.8452999999999999e+00   6.8917487663555221e-03
   7.8300000000000000e+02   1.8452999999999999e+00   6.9398125987445488e-03
   7.8400000000000000e+02   1.8445443607090861e+00   6.9878764311335764e-03
   7.8500000000000000e+02   1.8444000000000000e+00   7.0359402635226040e-03
   7.8600000000000000e+02   1.8439032542605118e+00   7.0840040959116307e-03
   7.8700000000000000e+02   1.8434999999999999e+00   7.1320679283006574e-03
   7.8800000000000000e+02   1.8432622248865291e+00   7.1801317606896850e-03
   7.8900000000000000e+02   1.8426000000000000e+00   7.2281955930787109e-03
   7.9000000000000000e+02   1.8426000000000000e+00   7.2762594254677394e-03
   7.9100000000000000e+02   1.8425167508345459e+00   7.3243232578567661e-03
   7.9200000000000000e+02   1.8419489680568639e+00   7.3723870902457937e-03
   7.9300000000000000e+02   1.8416455059065227e+00   7.4204509226348195e-03
   7.9400000000000000e+02   1.8415999999999999e+00   7.4685147550238471e-03
   7.9500000000000000e+02   1.8413686991521794e+00   7.5165785874128747e-03
   7.9600000000000000e+02   1.8407000000000000e+00   7.5646424198019015e-03
   7.9700000000000000e+02   1.8407000000000000e+00   7.6127062521909282e-03
   7.9800000000000000e+02   1.8398743598527019e+00   7.6607700845799558e-03
   7.9900000000000000e+02   1.8396999999999999e+00   7.7088339169689825e-03
   8.0000000000000000e+02   1.8396999999999999e+00   7.7351559783177225e-03
   8.0100000000000000e+02   1.8393849190716793e+00   7.7610320659978133e-03
   8.0200000000000000e+02   1.8388749893006933e+00   7.7869081536779058e-03
   8.0300000000000000e+02   1.8387151151836945e+00   7.8127842413579975e-03
   8.0400000000000000e+02   1.8380300077074592e+00   7.8386603290380892e-03
   8.0500000000000000e+02   1.8378363091671661e+00   7.8645364167181792e-03
   8.0600000000000000e+02   1.8373276783420400e+00   7.8904125043982708e-03
   8.0700000000000000e+02   1.8370469097757232e+00   7.9162885920783625e-03
   8.0800000000000000e+02   1.8366903314207415e+00   7.9421646797584542e-03
   8.0900000000000000e+02   1.8361756654968757e+00   7.9680407674385442e-03
   8.1000000000000000e+02   1.8361000000000001e+00   7.9939168551186358e-03
   8.1100000000000000e+02   1.8361000000000001e+00   8.0197929427987275e-03
   8.1200000000000000e+02   1.8357348445928590e+00   8.0456690304788192e-03
   8.1300000000000000e+02   1.8353495376316464e+00   8.0715451181589092e-03
   8.1400000000000000e+02   1.8347807827352915e+00   8.0974212058390008e-03
   8.1500000000000000e+02   1.8343619821978772e+00   8.1232972935190925e-03
   8.1600000000000000e+02   1.8342763930497306e+00   8.1491733811991842e-03
   8.1700000000000000e+02   1.8341263509463048e+00   8.1750494688792759e-03
   8.1800000000000000e+02   1.8334412434700693e+00   8.2009255565593658e-03
   8.1900000000000000e+02   1.8333195514466700e+00   8.2268016442394575e-03
   8.2000000000000000e+02   1.8332999999999999e+00   8.2526777319195492e-03
   8.2100000000000000e+02   1.8328866746595871e+00   8.2785538195996392e-03
   8.2200000000000000e+02   1.8324627150560642e+00   8.3044299072797308e-03
   8.2300000000000000e+02   1.8322168550873588e+00   8.3303059949598225e-03
   8.2400000000000000e+02   1.8315914662329880e+00   8.3561820826399142e-03
   8.2500000000000000e+02   1.8315058717795085e+00   8.3820581703200059e-03
   8.2600000000000000e+02   1.8308618908966343e+00   8.4079342580000976e-03
   8.2700000000000000e+02   1.8306346315158777e+00   8.4338103456801893e-03
   8.2800000000000000e+02   1.8305490370623985e+00   8.4596864333602792e-03
   8.2900000000000000e+02   1.8301708144215123e+00   8.4855625210403709e-03
   8.3000000000000000e+02   1.8295999999999999e+00   8.5114386087204626e-03
   8.3100000000000000e+02   1.8295375181981672e+00   8.5373146964005525e-03
   8.3200000000000000e+02   1.8288524107219319e+00   8.5631907840806442e-03
   8.3300000000000000e+02   1.8288000000000000e+00   8.5890668717607359e-03
   8.3400000000000000e+02   1.8282179326881904e+00   8.6149429594408276e-03
   8.3500000000000000e+02   1.8279000000000001e+00   8.6408190471209175e-03
   8.3600000000000000e+02   1.8278282314672145e+00   8.6666951348010092e-03
   8.3700000000000000e+02   1.8275495332705318e+00   8.6925712224811009e-03
   8.3800000000000000e+02   1.8269928699820250e+00   8.7184473101611926e-03
   8.3900000000000000e+02   1.8269072755285458e+00   8.7443233978412825e-03
   8.4000000000000000e+02   1.8261947674916503e+00   8.7701994855213759e-03
   8.4100000000000000e+02   1.8260000000000001e+00   8.7960755732014659e-03
   8.4200000000000000e+02   1.8256033227712598e+00   8.8249211505388152e-03
   8.4300000000000000e+02   1.8251647919876732e+00   8.8540323288140224e-03
   8.4400000000000000e+02   1.8250999999999999e+00   8.8831435070892313e-03
   8.4500000000000000e+02   1.8250423482058746e+00   8.9122546853644385e-03
   8.4600000000000000e+02   1.8242716022951102e+00   8.9413658636396474e-03
   8.4700000000000000e+02   1.8242000000000000e+00   8.9704770419148563e-03
   8.4800000000000000e+02   1.8241367574045539e+00   8.9995882201900634e-03
   8.4900000000000000e+02   1.8237090776740601e+00   9.0286993984652723e-03
   8.5000000000000000e+02   1.8232655139946932e+00   9.0578105767404795e-03
   8.5100000000000000e+02   1.8230392737860752e+00   9.0869217550156884e-03
   8.5200000000000000e+02   1.8223942737310623e+00   9.1160329332908956e-03
   8.5300000000000000e+02   1.8223086792775829e+00   9.1451441115661062e-03
   8.5400000000000000e+02   1.8223000000000000e+00   9.1742552898413134e-03
   8.5500000000000000e+02   1.8217370471867773e+00   9.2033664681165205e-03
   8.5600000000000000e+02   1.8213999999999999e+00   9.2324776463917294e-03
   8.5700000000000000e+02   1.8210959917780061e+00   9.2615888246669383e-03
   8.5800000000000000e+02   1.8205000000000000e+00   9.2907000029421455e-03
   8.5900000000000000e+02   1.8204499871542348e+00   9.3198111812173544e-03
   8.6000000000000000e+02   1.8195936028089403e+00   9.3489223594925615e-03
   8.6100000000000000e+02   1.8194999999999999e+00   9.3780335377677704e-03
   8.6200000000000000e+02   1.8190050098484201e+00   9.4071447160429776e-03
   8.6300000000000000e+02   1.8187000000000000e+00   9.4362558943181865e-03
   8.6400000000000000e+02   1.8184021067054896e+00   9.4653670725933954e-03
   8.6500000000000000e+02   1.8178000000000001e+00   9.4944782508686026e-03
   8.6600000000000000e+02   1.8177913542201678e+00   9.5235894291438097e-03
   8.6700000000000000e+02   1.8176201506591338e+00   9.5527006074190186e-03
   8.6800000000000000e+02   1.8170710884645029e+00   9.5818117856942275e-03
   8.6900000000000000e+02   1.8168388342035435e+00   9.6109229639694347e-03
   8.7000000000000000e+02   1.8168000000000000e+00   9.6400341422446436e-03
   8.7100000000000000e+02   1.8165085809711399e+00   9.6691453205198525e-03
   8.7200000000000000e+02   1.8159000000000001e+00   9.6982564987950597e-03
   8.7300000000000000e+02   1.8158927929470172e+00   9.7273676770702686e-03
   8.7400000000000000e+02   1.8157216040400583e+00   9.7564788553454775e-03
   8.7500000000000000e+02   1.8151761839513574e+00   9.7855900336206846e-03
   8.7600000000000000e+02   1.8149395617563981e+00   9.8147012118958918e-03
   8.7700000000000000e+02   1.8145315176430283e+00   9.8438123901711007e-03
   8.7800000000000000e+02   1.8140683129333219e+00   9.8729235684463078e-03
   8.7900000000000000e+02   1.8138616768005480e+00   9.9079813623978216e-03
   8.8000000000000000e+02   1.8131970726696911e+00   9.9483083378746617e-03
   8.8100000000000000e+02   1.8131114782162114e+00   9.9886353133515002e-03
   8.8200000000000000e+02   1.8130999999999999e+00   1.0028962288828339e-02
   8.8300000000000000e+02   1.8128311943493152e+00   1.0069289264305181e-02
   8.8400000000000000e+02   1.8124459203767123e+00   1.0109616239782017e-02
   8.8500000000000000e+02   1.8119212212040763e+00   1.0149943215258857e-02
   8.8600000000000000e+02   1.8112999999999999e+00   1.0190270190735698e-02
   8.8700000000000000e+02   1.8112801918300934e+00   1.0230597166212536e-02
   8.8800000000000000e+02   1.8105094459193287e+00   1.0270924141689376e-02
   8.8900000000000000e+02   1.8104000000000000e+00   1.0311251117166215e-02
   8.9000000000000000e+02   1.8098092660786160e+00   1.0351578092643053e-02
   8.9100000000000000e+02   1.8093999999999999e+00   1.0391905068119892e-02
   8.9200000000000000e+02   1.8091575404641604e+00   1.0432232043596733e-02
   8.9300000000000000e+02   1.8086000000000000e+00   1.0472559019073572e-02
   8.9400000000000000e+02   1.8085984762883069e+00   1.0512885994550410e-02
   8.9500000000000000e+02   1.8085128745077896e+00   1.0553212970027249e-02
   8.9600000000000000e+02   1.8079179326881905e+00   1.0593539945504089e-02
   8.9700000000000000e+02   1.8075832662843447e+00   1.0633866920980929e-02
   8.9800000000000000e+02   1.8071921127001800e+00   1.0674193896457768e-02
   8.9900000000000000e+02   1.8067703928785412e+00   1.0714520871934606e-02
   9.0000000000000000e+02   1.8067000000000000e+00   1.0754847847411446e-02
   9.0100000000000000e+02   1.8066991954121372e+00   1.0795174822888285e-02
   9.0200000000000000e+02   1.8066136009586578e+00   1.0835501798365123e-02
   9.0300000000000000e+02   1.8060237561017385e+00   1.0875828773841963e-02
   9.0400000000000000e+02   1.8056847213900540e+00   1.0916155749318802e-02
   9.0500000000000000e+02   1.8052971822541966e+00   1.0956482724795640e-02
   9.0600000000000000e+02   1.8048711118719507e+00   1.0996809700272482e-02
   9.0700000000000000e+02   1.8048000000000000e+00   1.1037136675749321e-02
   9.0800000000000000e+02   1.8047992293200890e+00   1.1077463651226159e-02
   9.0900000000000000e+02   1.8040285494091455e+00   1.1117790626702997e-02
   9.1000000000000000e+02   1.8039000000000001e+00   1.1158117602179838e-02
   9.1100000000000000e+02   1.8033875310439325e+00   1.1198444577656676e-02
   9.1200000000000000e+02   1.8029999999999999e+00   1.1238771553133515e-02
   9.1300000000000000e+02   1.8027464245953584e+00   1.1279098528610356e-02
   9.1400000000000000e+02   1.8021000000000000e+00   1.1331470467642596e-02
   9.1500000000000000e+02   1.8021000000000000e+00   1.1396802557413393e-02
   9.1600000000000000e+02   1.8014196882760982e+00   1.1462134647184189e-02
   9.1700000000000000e+02   1.8012293588975434e+00   1.1527466736954987e-02
   9.1800000000000000e+02   1.8011437596302002e+00   1.1592798826725785e-02
   9.1900000000000000e+02   1.8007651194656162e+00   1.1658130916496581e-02
   9.2000000000000000e+02   1.8002725156209878e+00   1.1723463006267377e-02
   9.2100000000000000e+02   1.8002000000000000e+00   1.1788795096038175e-02
   9.2200000000000000e+02   1.8002000000000000e+00   1.1854127185808973e-02
   9.2300000000000000e+02   1.7994412006508522e+00   1.1919459275579769e-02
   9.2400000000000000e+02   1.7992999999999999e+00   1.1984791365350567e-02
   9.2500000000000000e+02   1.7988556392909136e+00   1.2050123455121364e-02
   9.2600000000000000e+02   1.7984588376273216e+00   1.2115455544892160e-02
   9.2700000000000000e+02   1.7983732431738424e+00   1.2180787634662956e-02
   9.2800000000000000e+02   1.7981887813650765e+00   1.2246119724433754e-02
   9.2900000000000000e+02   1.7974180354543121e+00   1.2311451814204552e-02
   9.3000000000000000e+02   1.7974000000000001e+00   1.2376783903975348e-02
   9.3100000000000000e+02   1.7968461591162113e+00   1.2442115993746145e-02
   9.3200000000000000e+02   1.7965451596336557e+00   1.2507448083516944e-02
   9.3300000000000000e+02   1.7961763552282264e+00   1.2572780173287740e-02
   9.3400000000000000e+02   1.7956478387400499e+00   1.2638112263058537e-02
   9.3500000000000000e+02   1.7955000000000001e+00   1.2703444352829333e-02
   9.3600000000000000e+02   1.7955000000000001e+00   1.2768776442600131e-02
   9.3700000000000000e+02   1.7949195940738203e+00   1.2834108532370927e-02
   9.3800000000000000e+02   1.7947314816399897e+00   1.2899440622141725e-02
   9.3900000000000000e+02   1.7942668379582050e+00   1.2964772711912521e-02
   9.4000000000000000e+02   1.7938602362204725e+00   1.3030104801683318e-02
   9.4100000000000000e+02   1.7935970711655391e+00   1.3095436891454116e-02
   9.4200000000000000e+02   1.7929890001712034e+00   1.3160768981224914e-02
   9.4300000000000000e+02   1.7929033983906866e+00   1.3226101070995710e-02
   9.4400000000000000e+02   1.7922420912905712e+00   1.3291433160766506e-02
   9.4500000000000000e+02   1.7920321578361724e+00   1.3356765250537304e-02
   9.4600000000000000e+02   1.7915722874025863e+00   1.3422097340308100e-02
   9.4700000000000000e+02   1.7911609175725414e+00   1.3487429430078898e-02
   9.4800000000000000e+02   1.7910999999999999e+00   1.3552761519849695e-02
   9.4900000000000000e+02   1.7910074334161172e+00   1.3618093609620492e-02
   9.5000000000000000e+02   1.7902366875053524e+00   1.3683425699391289e-02
   9.5100000000000000e+02   1.7902000000000000e+00   1.3748757789162087e-02
   9.5200000000000000e+02   1.7895956581313692e+00   1.3814089878932883e-02
   9.5300000000000000e+02   1.7892999999999999e+00   1.3879421968703681e-02
   9.5400000000000000e+02   1.7892616365659504e+00   1.3944754058474477e-02
   9.5500000000000000e+02   1.7890082384174018e+00   1.4010086148245273e-02
   9.5600000000000000e+02   1.7883903963023196e+00   1.4075418238016071e-02
   9.5700000000000000e+02   1.7883048018488401e+00   1.4140750327786868e-02
   9.5800000000000000e+02   1.7883000000000000e+00   1.4206677865470899e-02
   9.5900000000000000e+02   1.7876357883017899e+00   1.4278405743783397e-02
   9.6000000000000000e+02   1.7873000000000001e+00   1.4350133622095891e-02
   9.6100000000000000e+02   1.7869987582426994e+00   1.4421861500408389e-02
   9.6200000000000000e+02   1.7865000000000000e+00   1.4493589378720886e-02
   9.6300000000000000e+02   1.7864200736490536e+00   1.4565317257033385e-02
   9.6400000000000000e+02   1.7856493277382890e+00   1.4637045135345882e-02
   9.6500000000000000e+02   1.7856000000000001e+00   1.4708773013658380e-02
   9.6600000000000000e+02   1.7854685670261943e+00   1.4780500891970878e-02
   9.6700000000000000e+02   1.7850406183094973e+00   1.4852228770283374e-02
   9.6800000000000000e+02   1.7846630403149877e+00   1.4923956648595874e-02
   9.6900000000000000e+02   1.7844194741800119e+00   1.4995684526908370e-02
   9.7000000000000000e+02   1.7837917993494266e+00   1.5067412405220866e-02
   9.7100000000000000e+02   1.7837061975689095e+00   1.5139140283533362e-02
   9.7200000000000000e+02   1.7830644943050440e+00   1.5210868161845860e-02
   9.7300000000000000e+02   1.7828349512069850e+00   1.5282596040158358e-02
   9.7400000000000000e+02   1.7827999999999999e+00   1.5354323918470856e-02
   9.7500000000000000e+02   1.7824737432559734e+00   1.5426051796783354e-02
   9.7600000000000000e+02   1.7819000000000000e+00   1.5497779675095850e-02
   9.7700000000000000e+02   1.7818325655077925e+00   1.5569507553408347e-02
   9.7800000000000000e+02   1.7810618855968487e+00   1.5641235431720846e-02
   9.7900000000000000e+02   1.7809999999999999e+00   1.5712963310033343e-02
   9.8000000000000000e+02   1.7804208615226513e+00   1.5784691188345839e-02
   9.8100000000000000e+02   1.7801000000000000e+00   1.5856419066658339e-02
   9.8200000000000000e+02   1.7800644410203734e+00   1.5928146944970835e-02
   9.8300000000000000e+02   1.7798306414318745e+00   1.5999874823283335e-02
   9.8400000000000000e+02   1.7791931952409481e+00   1.6071602701595827e-02
   9.8500000000000000e+02   1.7791076007874689e+00   1.6143330579908327e-02
   9.8600000000000000e+02   1.7784757300676544e+00   1.6215058458220827e-02
   9.8700000000000000e+02   1.7782363605238380e+00   1.6286786336533323e-02
   9.8800000000000000e+02   1.7778059261796697e+00   1.6358514214845819e-02
   9.8900000000000000e+02   1.7773302345488786e+00   1.6430242093158316e-02
   9.9000000000000000e+02   1.7770565470583199e+00   1.6501969971470815e-02
   9.9100000000000000e+02   1.7764938714371308e+00   1.6573697849783312e-02
   9.9200000000000000e+02   1.7764082769836513e+00   1.6645425728095811e-02
   9.9300000000000000e+02   1.7757037852188065e+00   1.6717153606408304e-02
   9.9400000000000000e+02   1.7755000000000001e+00   1.6788881484720804e-02
   9.9500000000000000e+02   1.7755000000000001e+00   1.6860609363033300e-02
   9.9600000000000000e+02   1.7754316785072328e+00   1.6932337241345800e-02
   9.9700000000000000e+02   1.7751616425451744e+00   1.7004065119658296e-02
   9.9800000000000000e+02   1.7745945989899854e+00   1.7075792997970792e-02
   9.9900000000000000e+02   1.7745090045365060e+00   1.7147520876283292e-02
   1.0000000000000000e+03   1.7745000000000000e+00   1.7219248754595788e-02
   1.0010000000000000e+03   1.7739399760212384e+00   1.7290976632908288e-02
   1.0020000000000000e+03   1.7736000000000001e+00   1.7373349600595892e-02
   1.0030000000000000e+03   1.7732989466472553e+00   1.7457254428548185e-02
   1.0040000000000000e+03   1.7726999999999999e+00   1.7541159256500481e-02
   1.0050000000000000e+03   1.7726579172732722e+00   1.7625064084452777e-02
   1.0060000000000000e+03   1.7718871713625075e+00   1.7708968912405070e-02
   1.0070000000000000e+03   1.7718000000000000e+00   1.7792873740357363e-02
   1.0080000000000000e+03   1.7713075869155677e+00   1.7876778568309659e-02
   1.0090000000000000e+03   1.7709528374561327e+00   1.7960683396261952e-02
   1.0100000000000000e+03   1.7708672430026535e+00   1.8044588224214245e-02
   1.0110000000000000e+03   1.7706531129570950e+00   1.8128493052166541e-02
   1.0120000000000000e+03   1.7699960023968497e+00   1.8212397880118834e-02
   1.0130000000000000e+03   1.7699104006163326e+00   1.8296302708071130e-02
   1.0140000000000000e+03   1.7692981330821271e+00   1.8380207536023423e-02
   1.0150000000000000e+03   1.7690391594624666e+00   1.8464112363975715e-02
   1.0160000000000000e+03   1.7686283291941423e+00   1.8548017191928012e-02
   1.0170000000000000e+03   1.7681679164526622e+00   1.8631922019880304e-02
   1.0180000000000000e+03   1.7679584689159105e+00   1.8715826847832601e-02
   1.0190000000000000e+03   1.7673000000000001e+00   1.8799731675784893e-02
   1.0200000000000000e+03   1.7673000000000001e+00   1.8883636503737190e-02
   1.0210000000000000e+03   1.7671509629376017e+00   1.8967541331689482e-02
   1.0220000000000000e+03   1.7666789928920097e+00   1.9051446159641779e-02
   1.0230000000000000e+03   1.7663542412051700e+00   1.9135350987594068e-02
   1.0240000000000000e+03   1.7660176757728869e+00   1.9219255815546364e-02
   1.0250000000000000e+03   1.7654000000000001e+00   1.9303160643498657e-02
   1.0260000000000000e+03   1.7653791727327224e+00   1.9387065471450953e-02
   1.0270000000000000e+03   1.7646940652564871e+00   1.9470970299403246e-02
   1.0280000000000000e+03   1.7645261576649833e+00   1.9554875127355542e-02
   1.0290000000000000e+03   1.7640242613685024e+00   1.9638779955307835e-02
   1.0300000000000000e+03   1.7636098348027049e+00   1.9722684783260128e-02
   1.0310000000000000e+03   1.7635000000000001e+00   1.9806589611212420e-02
   1.0320000000000000e+03   1.7633696925580200e+00   1.9890494439164717e-02
   1.0330000000000000e+03   1.7626999999999999e+00   1.9974399267117013e-02
   1.0340000000000000e+03   1.7626999999999999e+00   2.0058304095069306e-02
   1.0350000000000000e+03   1.7620416288430247e+00   2.0142208923021598e-02
   1.0360000000000000e+03   1.7618000000000000e+00   2.0226113750973895e-02
   1.0370000000000000e+03   1.7614005994690416e+00   2.0310018578926187e-02
   1.0380000000000000e+03   1.7608999999999999e+00   2.0393923406878484e-02
   1.0390000000000000e+03   1.7607594279842438e+00   2.0477828234830776e-02
   1.0400000000000000e+03   1.7600000000000000e+00   2.0561733062783069e-02
   1.0410000000000000e+03   1.7600000000000000e+00   2.0645637890735365e-02
   1.0420000000000000e+03   1.7599275614140204e+00   2.0729542718687658e-02
   1.0430000000000000e+03   1.7594354971311126e+00   2.0813447546639954e-02
   1.0440000000000000e+03   1.7590563174114022e+00   2.0897352374592247e-02
   1.0450000000000000e+03   1.7587656247323800e+00   2.0981257202544540e-02
   1.0460000000000000e+03   1.7581850723273131e+00   2.1065162030496836e-02
   1.0470000000000000e+03   1.7580952984499443e+00   2.1149066858449129e-02
   1.0480000000000000e+03   1.7573245525391794e+00   2.1232971686401425e-02
   1.0490000000000000e+03   1.7572000000000001e+00   2.1316876514353718e-02
   1.0500000000000000e+03   1.7567408701610141e+00   2.1400781342306014e-02
   1.0510000000000000e+03   1.7563569887871266e+00   2.1484686170258307e-02
   1.0520000000000000e+03   1.7563000000000000e+00   2.1568590998210603e-02
   1.0530000000000000e+03   1.7561578523719814e+00   2.1652495826162896e-02
   1.0540000000000000e+03   1.7553015413598219e+00   2.1736400654115189e-02
   1.0550000000000000e+03   1.7553000000000001e+00   2.1820305482067485e-02
   1.0560000000000000e+03   1.7547313607947248e+00   2.1904210310019778e-02
   1.0570000000000000e+03   1.7544999999999999e+00   2.1988115137972070e-02
   1.0580000000000000e+03   1.7541615569067397e+00   2.2072019965924367e-02
   1.0590000000000000e+03   1.7536720705298294e+00   2.2155924793876659e-02
   1.0600000000000000e+03   1.7535729498373567e+00   2.2240642322124863e-02
   1.0610000000000000e+03   1.7534017462763227e+00   2.2326259179350189e-02
   1.0620000000000000e+03   1.7528066455425193e+00   2.2411876036575521e-02
   1.0630000000000000e+03   1.7526296327997946e+00   2.2497492893800847e-02
   1.0640000000000000e+03   1.7521520767320373e+00   2.2583109751026179e-02
   1.0650000000000000e+03   1.7517583925361637e+00   2.2668726608251508e-02
   1.0660000000000000e+03   1.7514822541966426e+00   2.2754343465476837e-02
   1.0670000000000000e+03   1.7508871437130873e+00   2.2839960322702170e-02
   1.0680000000000000e+03   1.7508015492596081e+00   2.2925577179927499e-02
   1.0690000000000000e+03   1.7501272929690845e+00   2.3011194037152825e-02
   1.0700000000000000e+03   1.7500000000000000e+00   2.3096810894378154e-02
   1.0710000000000000e+03   1.7499447145424978e+00   2.3182427751603483e-02
   1.0720000000000000e+03   1.7495318917530187e+00   2.3268044608828815e-02
   1.0730000000000000e+03   1.7490000000000001e+00   2.3353661466054141e-02
   1.0740000000000000e+03   1.7489028600787806e+00   2.3439278323279467e-02
   1.0750000000000000e+03   1.7482178112690530e+00   2.3524895180504796e-02
   1.0760000000000000e+03   1.7481166310023111e+00   2.3610512037730132e-02
   1.0770000000000000e+03   1.7475480089063975e+00   2.3696128894955457e-02
   1.0780000000000000e+03   1.7471907814773604e+00   2.3781745752180783e-02
   1.0790000000000000e+03   1.7471000000000001e+00   2.3867362609406112e-02
   1.0800000000000000e+03   1.7468934400959151e+00   2.3952979466631445e-02
   1.0810000000000000e+03   1.7463000000000000e+00   2.4038596323856774e-02
   1.0820000000000000e+03   1.7463000000000000e+00   2.4124213181082099e-02
   1.0830000000000000e+03   1.7455558448231567e+00   2.4209830038307428e-02
   1.0840000000000000e+03   1.7454000000000001e+00   2.4295446895532761e-02
   1.0850000000000000e+03   1.7449148154491736e+00   2.4381063752758086e-02
   1.0860000000000000e+03   1.7444999999999999e+00   2.4466680609983416e-02
   1.0870000000000000e+03   1.7442736896197328e+00   2.4552297467208745e-02
   1.0880000000000000e+03   1.7436000000000000e+00   2.4637914324434077e-02
   1.0890000000000000e+03   1.7436000000000000e+00   2.4723531181659406e-02
   1.0900000000000000e+03   1.7428619337158517e+00   2.4809148038884735e-02
   1.0910000000000000e+03   1.7426999999999999e+00   2.4894764896110061e-02
   1.0920000000000000e+03   1.7426467899332305e+00   2.4980381753335390e-02
   1.0930000000000000e+03   1.7422893722702746e+00   2.5065998610560719e-02
   1.0940000000000000e+03   1.7417755456646411e+00   2.5151615467786048e-02
   1.0950000000000000e+03   1.7416195683822899e+00   2.5237232325011377e-02
   1.0960000000000000e+03   1.7409344609060544e+00   2.5322849182236706e-02
   1.0970000000000000e+03   1.7408187109475306e+00   2.5408466039462039e-02
   1.0980000000000000e+03   1.7402646111682083e+00   2.5494082896687368e-02
   1.0990000000000000e+03   1.7399474621244544e+00   2.5579699753912697e-02
   1.1000000000000000e+03   1.7399000000000000e+00   2.5665316611138023e-02
   1.1010000000000000e+03   1.7396625246210500e+00   2.5774921602458353e-02
   1.1020000000000000e+03   1.7388999999999999e+00   2.5900861428409513e-02
   1.1030000000000000e+03   1.7388999999999999e+00   2.6026801254360674e-02
   1.1040000000000000e+03   1.7382551768433672e+00   2.6152741080311834e-02
   1.1050000000000000e+03   1.7381000000000000e+00   2.6278680906262994e-02
   1.1060000000000000e+03   1.7376334675002143e+00   2.6404620732214154e-02
   1.1070000000000000e+03   1.7372000000000001e+00   2.6530560558165314e-02
   1.1080000000000000e+03   1.7369924381262312e+00   2.6656500384116474e-02
   1.1090000000000000e+03   1.7363000000000000e+00   2.6782440210067635e-02
   1.1100000000000000e+03   1.7363000000000000e+00   2.6908380036018795e-02
   1.1110000000000000e+03   1.7362201078582435e+00   2.7034319861969955e-02
   1.1120000000000000e+03   1.7356758242699324e+00   2.7160259687921115e-02
   1.1130000000000000e+03   1.7353488658734915e+00   2.7286199513872275e-02
   1.1140000000000000e+03   1.7353000000000001e+00   2.7412139339823435e-02
   1.1150000000000000e+03   1.7352553368141745e+00   2.7538079165774595e-02
   1.1160000000000000e+03   1.7350444891667383e+00   2.7664018991725756e-02
   1.1170000000000000e+03   1.7344450201250321e+00   2.7789958817676916e-02
   1.1180000000000000e+03   1.7343208336899769e+00   2.7915898643628076e-02
   1.1190000000000000e+03   1.7343000000000000e+00   2.8041838469579236e-02
   1.1200000000000000e+03   1.7338465701806971e+00   2.8167778295530396e-02
   1.1210000000000000e+03   1.7331118437954958e+00   2.8293718121481556e-02
   1.1220000000000000e+03   1.7330540095956133e+00   2.8419657947432717e-02
   1.1230000000000000e+03   1.7317927067282999e+00   2.8545597773383877e-02
   1.1240000000000000e+03   1.7317071049477830e+00   2.8671537599335037e-02
   1.1250000000000000e+03   1.7310717564442921e+00   2.8797477425286197e-02
   1.1260000000000000e+03   1.7308358640760080e+00   2.8923417251237357e-02
   1.1270000000000000e+03   1.7304019525563075e+00   2.9049357077188517e-02
   1.1280000000000000e+03   1.7299646238123771e+00   2.9175296903139677e-02
   1.1290000000000000e+03   1.7297111510791368e+00   2.9301236729090838e-02
   1.1300000000000000e+03   1.7289469772221273e+00   2.9427176555041998e-02
   1.1310000000000000e+03   1.7282619284123995e+00   2.9553116380993158e-02
   1.1320000000000000e+03   1.7282000000000000e+00   2.9679056206944318e-02
   1.1330000000000000e+03   1.7281365402721902e+00   2.9804996032895478e-02
   1.1340000000000000e+03   1.7277073649053696e+00   2.9930935858846638e-02
   1.1350000000000000e+03   1.7272305940763568e+00   3.0056875684797799e-02
   1.1360000000000000e+03   1.7269577937649880e+00   3.0182815510748959e-02
   1.1370000000000000e+03   1.7263940431359124e+00   3.0308755336700119e-02
   1.1380000000000000e+03   1.7263084560082165e+00   3.0434695162651279e-02
   1.1390000000000000e+03   1.7256825811424168e+00   3.0560634988602439e-02
   1.1400000000000000e+03   1.7254372164683729e+00   3.0686574814553599e-02
   1.1410000000000000e+03   1.7250127772544319e+00   3.0827528168299232e-02
   1.1420000000000000e+03   1.7245659732922445e+00   3.0970272927980505e-02
   1.1430000000000000e+03   1.7243429048556991e+00   3.1113017687661771e-02
   1.1440000000000000e+03   1.7236947273816656e+00   3.1255762447343037e-02
   1.1450000000000000e+03   1.7236091329281862e+00   3.1398507207024307e-02
   1.1460000000000000e+03   1.7236000000000000e+00   3.1541251966705569e-02
   1.1470000000000000e+03   1.7230411613566288e+00   3.1683996726386839e-02
   1.1480000000000000e+03   1.7226999999999999e+00   3.1826741486068108e-02
   1.1490000000000000e+03   1.7224334246809967e+00   3.1969486245749371e-02
   1.1500000000000000e+03   1.7218810477657935e+00   3.2112231005430640e-02
   1.1510000000000000e+03   1.7217954467648067e+00   3.2254975765111910e-02
   1.1520000000000000e+03   1.7217098596371105e+00   3.2397720524793179e-02
   1.1530000000000000e+03   1.7210180440181553e+00   3.2540465284474442e-02
   1.1540000000000000e+03   1.7208000000000001e+00   3.2683210044155711e-02
   1.1550000000000000e+03   1.7204239445062945e+00   3.2825954803836974e-02
   1.1560000000000000e+03   1.7199673713943338e+00   3.2968699563518243e-02
   1.1570000000000000e+03   1.7197541406183094e+00   3.3111444323199513e-02
   1.1580000000000000e+03   1.7190922622614055e+00   3.3254189082880775e-02
   1.1590000000000000e+03   1.7189210733544469e+00   3.3396933842562045e-02
   1.1600000000000000e+03   1.7183743255973281e+00   3.3539678602243314e-02
   1.1610000000000000e+03   1.7181999999999999e+00   3.3682423361924577e-02
   1.1620000000000000e+03   1.7177830264622762e+00   3.3825168121605846e-02
   1.1630000000000000e+03   1.7173000000000000e+00   3.3967912881287116e-02
   1.1640000000000000e+03   1.7171419970882933e+00   3.4110657640968378e-02
   1.1650000000000000e+03   1.7163744454911365e+00   3.4253402400649648e-02
   1.1660000000000000e+03   1.7156893380149012e+00   3.4396147160330917e-02
   1.1670000000000000e+03   1.7155255670632543e+00   3.4538891920012187e-02
   1.1680000000000000e+03   1.7155000000000000e+00   3.4681636679693449e-02
   1.1690000000000000e+03   1.7150890734714848e+00   3.4824381439374719e-02
   1.1700000000000000e+03   1.7145999999999999e+00   3.4967126199055981e-02
   1.1710000000000000e+03   1.7144480859809883e+00   3.5109870958737251e-02
   1.1720000000000000e+03   1.7137000000000000e+00   3.5264201359145687e-02
   1.1730000000000000e+03   1.7137000000000000e+00   3.5438377591228379e-02
   1.1740000000000000e+03   1.7130363106962405e+00   3.5612553823311070e-02
   1.1750000000000000e+03   1.7128000000000001e+00   3.5786730055393762e-02
   1.1760000000000000e+03   1.7127550457930325e+00   3.5960906287476446e-02
   1.1770000000000000e+03   1.7124554851417313e+00   3.6135082519559138e-02
   1.1780000000000000e+03   1.7118838041431261e+00   3.6309258751641829e-02
   1.1790000000000000e+03   1.7117838157218701e+00   3.6483434983724521e-02
   1.1800000000000000e+03   1.7110131358109266e+00   3.6657611215807212e-02
   1.1810000000000000e+03   1.7109000000000001e+00   3.6831787447889903e-02
   1.1820000000000000e+03   1.7104307013787787e+00   3.7005963679972595e-02
   1.1830000000000000e+03   1.7100557219892152e+00   3.7180139912055286e-02
   1.1840000000000000e+03   1.7097608974907939e+00   3.7354316144137978e-02
   1.1850000000000000e+03   1.7091689634511686e+00   3.7528492376220669e-02
   1.1860000000000000e+03   1.7089922069024579e+00   3.7702668608303361e-02
   1.1870000000000000e+03   1.7083927378607517e+00   3.7876844840386052e-02
   1.1880000000000000e+03   1.7082276408149291e+00   3.8051021072468744e-02
   1.1890000000000000e+03   1.7077361137278411e+00   3.8225197304551435e-02
   1.1900000000000000e+03   1.7074000000000000e+00   3.8399373536634127e-02
   1.1910000000000000e+03   1.7071370985698382e+00   3.8573549768716818e-02
   1.1920000000000000e+03   1.7064999999999999e+00   3.8747726000799509e-02
   1.1930000000000000e+03   1.7064960691958551e+00   3.8921902232882201e-02
   1.1940000000000000e+03   1.7057253232850904e+00   3.9096078464964892e-02
   1.1950000000000000e+03   1.7056000000000000e+00   3.9270254697047584e-02
   1.1960000000000000e+03   1.7050269075961291e+00   3.9444430929130275e-02
   1.1970000000000000e+03   1.7045999999999999e+00   3.9618607161212967e-02
   1.1980000000000000e+03   1.7045999999999999e+00   3.9792783393295658e-02
   1.1990000000000000e+03   1.7044870257771687e+00   3.9966959625378343e-02
   1.2000000000000000e+03   1.7038019183009334e+00   4.0141135857461041e-02
