211.31	1.26254	   0.41356
212.89	1.26372	   0.42277
214.47	1.26536	   0.43168
216.06	1.26745	   0.44025
217.64	1.26992	   0.44848
219.23	1.27276	   0.45636
220.81	1.2759	   0.46389
222.4	1.27933	   0.47106
223.98	1.283	   0.47787
225.57	1.28688	   0.48432
227.16	1.29093	   0.49042
228.74	1.29512	   0.49618
230.33	1.29943	   0.50161
231.91	1.30381	   0.50671
233.5	1.30825	   0.51151
235.08	1.31272	   0.51601
236.67	1.3172	   0.52024
238.25	1.32167	   0.52421
239.84	1.32611	   0.52793
241.43	1.3305	   0.53143
243.01	1.33484	   0.53473
244.6	1.33911	   0.53784
246.18	1.34331	   0.54079
247.77	1.34742	   0.5436
249.36	1.35144	   0.54627
250.94	1.35537	   0.54884
252.53	1.35921	   0.55132
254.11	1.36296	   0.55373
255.7	1.36661	   0.55608
257.29	1.37018	   0.55839
258.87	1.37366	   0.56068
260.46	1.37707	   0.56296
262.05	1.3804	   0.56524
263.63	1.38367	   0.56753
265.22	1.38688	   0.56986
266.81	1.39005	   0.57222
268.39	1.39318	   0.57463
269.98	1.39629	   0.5771
271.57	1.39938	   0.57963
273.15	1.40248	   0.58224
274.74	1.4056	   0.58491
276.33	1.40874	   0.58767
277.91	1.41193	   0.59051
279.5	1.41518	   0.59343
281.09	1.41851	   0.59643
282.68	1.42194	   0.59951
284.26	1.42547	   0.60265
285.85	1.42914	   0.60587
287.44	1.43295	   0.60913
289.03	1.43693	   0.61243
290.61	1.44109	   0.61575
292.2	1.44544	   0.61908
293.79	1.45	   0.62237
295.38	1.45476	   0.62562
296.96	1.45974	   0.62878
298.55	1.46492	   0.63184
300.14	1.4703	   0.63475
301.73	1.47587	   0.63749
303.31	1.48159	   0.64003
304.9	1.48745	   0.64235
306.49	1.49341	   0.64443
308.08	1.49943	   0.64627
309.67	1.50549	   0.64786
311.25	1.51153	   0.64921
312.84	1.51754	   0.65033
314.43	1.52349	   0.65125
316.02	1.52935	   0.65199
317.61	1.53511	   0.65256
319.19	1.54077	   0.65301
320.78	1.54632	   0.65336
322.37	1.55176	   0.65362
323.96	1.55711	   0.65383
325.55	1.56237	   0.65399
327.13	1.56755	   0.65411
328.72	1.57268	   0.65422
330.31	1.57775	   0.6543
331.9	1.58278	   0.65438
333.49	1.58779	   0.65444
335.08	1.59278	   0.65449
336.67	1.59776	   0.65452
338.25	1.60274	   0.65452
339.84	1.60773	   0.65451
341.43	1.61272	   0.65446
343.02	1.61773	   0.65438
344.61	1.62275	   0.65426
346.2	1.62779	   0.65409
347.79	1.63284	   0.65387
349.38	1.63791	   0.65359
350.96	1.64299	   0.65325
352.55	1.64809	   0.65285
354.14	1.65319	   0.65238
355.73	1.6583	   0.65185
357.32	1.66342	   0.65123
358.91	1.66854	   0.65055
360.5	1.67366	   0.64978
362.09	1.67877	   0.64893
363.68	1.68388	   0.64801
365.26	1.68897	   0.647
366.85	1.69405	   0.64591
368.44	1.69911	   0.64474
370.03	1.70415	   0.64349
371.62	1.70916	   0.64215
373.21	1.71414	   0.64074
374.8	1.7191	   0.63924
376.39	1.72401	   0.63767
377.98	1.72889	   0.63601
379.57	1.73373	   0.63428
381.16	1.73853	   0.63248
382.75	1.74328	   0.6306
384.34	1.74798	   0.62865
385.92	1.75263	   0.62662
387.51	1.75723	   0.62454
389.1	1.76178	   0.62238
390.69	1.76627	   0.62016
392.28	1.77069	   0.61788
393.87	1.77506	   0.61554
395.46	1.77937	   0.61314
397.05	1.78362	   0.61069
398.64	1.7878	   0.60819
400.23	1.79192	   0.60563
401.82	1.79597	   0.60303
403.41	1.79996	   0.60039
405.	1.80387	   0.5977
406.59	1.80772	   0.59496
408.18	1.8115	   0.5922
409.77	1.81522	   0.58939
411.36	1.81886	   0.58655
412.95	1.82244	   0.58368
414.54	1.82594	   0.58078
416.13	1.82938	   0.57786
417.71	1.83275	   0.57491
419.3	1.83605	   0.57193
420.89	1.83928	   0.56894
422.48	1.84244	   0.56592
424.07	1.84554	   0.56289
425.66	1.84857	   0.55985
427.25	1.85153	   0.55679
428.84	1.85442	   0.55372
430.43	1.85725	   0.55064
432.02	1.86002	   0.54755
433.61	1.86272	   0.54445
435.2	1.86536	   0.54135
436.79	1.86793	   0.53825
438.38	1.87044	   0.53514
439.97	1.87289	   0.53204
441.56	1.87528	   0.52893
443.15	1.87762	   0.52583
444.74	1.87989	   0.52273
446.33	1.8821	   0.51963
447.92	1.88426	   0.51654
449.51	1.88637	   0.51346
451.1	1.88841	   0.51038
452.69	1.89041	   0.50731
454.28	1.89235	   0.50425
455.87	1.89424	   0.5012
457.46	1.89608	   0.49816
459.05	1.89787	   0.49513
460.64	1.89961	   0.49212
462.23	1.9013	   0.48912
463.82	1.90294	   0.48613
465.41	1.90454	   0.48316
467.	1.9061	   0.4802
468.59	1.90761	   0.47726
470.18	1.90907	   0.47433
471.77	1.9105	   0.47142
473.36	1.91188	   0.46853
474.95	1.91322	   0.46565
476.54	1.91452	   0.4628
478.13	1.91579	   0.45996
479.72	1.91701	   0.45714
481.31	1.9182	   0.45434
482.9	1.91936	   0.45155
484.48	1.92047	   0.44879
486.07	1.92156	   0.44605
487.66	1.92261	   0.44332
489.25	1.92363	   0.44062
490.84	1.92461	   0.43793
492.43	1.92557	   0.43527
494.02	1.92649	   0.43263
495.61	1.92738	   0.43
497.2	1.92825	   0.4274
498.79	1.92909	   0.42482
500.38	1.9299	   0.42226
501.97	1.93068	   0.41972
503.56	1.93144	   0.4172
505.15	1.93217	   0.4147
506.74	1.93287	   0.41222
508.33	1.93356	   0.40976
509.92	1.93421	   0.40733
511.51	1.93485	   0.40491
513.1	1.93546	   0.40252
514.69	1.93606	   0.40014
516.28	1.93663	   0.39779
517.87	1.93718	   0.39546
519.46	1.93771	   0.39314
521.05	1.93822	   0.39085
522.64	1.93871	   0.38858
524.23	1.93918	   0.38633
525.81	1.93964	   0.38409
527.4	1.94007	   0.38188
528.99	1.94049	   0.37969
530.58	1.9409	   0.37752
532.17	1.94128	   0.37536
533.76	1.94166	   0.37323
535.35	1.94201	   0.37112
536.94	1.94235	   0.36902
538.53	1.94268	   0.36695
540.12	1.943	   0.36489
541.71	1.94329	   0.36285
543.3	1.94358	   0.36083
544.89	1.94385	   0.35883
546.48	1.94412	   0.35685
548.06	1.94436	   0.35488
549.65	1.9446	   0.35294
551.24	1.94483	   0.35101
552.83	1.94504	   0.3491
554.42	1.94524	   0.34721
556.01	1.94544	   0.34533
557.6	1.94562	   0.34347
559.19	1.94579	   0.34163
560.78	1.94596	   0.33981
562.37	1.94611	   0.338
563.95	1.94625	   0.33621
565.54	1.94639	   0.33444
567.13	1.94652	   0.33268
568.72	1.94664	   0.33094
570.31	1.94675	   0.32921
571.9	1.94685	   0.3275
573.49	1.94694	   0.32581
575.08	1.94703	   0.32413
576.66	1.94711	   0.32247
578.25	1.94719	   0.32082
579.84	1.94725	   0.31919
581.43	1.94731	   0.31757
583.02	1.94737	   0.31596
584.61	1.94741	   0.31438
586.2	1.94746	   0.3128
587.78	1.94749	   0.31124
589.37	1.94752	   0.3097
590.96	1.94755	   0.30817
592.55	1.94756	   0.30665
594.14	1.94758	   0.30514
595.73	1.94759	   0.30365
597.31	1.94759	   0.30218
598.9	1.94759	   0.30071
600.49	1.94759	   0.29926
602.08	1.94758	   0.29782
603.67	1.94756	   0.2964
605.25	1.94755	   0.29499
606.84	1.94752	   0.29359
608.43	1.9475	   0.2922
610.02	1.94747	   0.29082
611.61	1.94744	   0.28946
613.19	1.9474	   0.28811
614.78	1.94736	   0.28677
616.37	1.94732	   0.28544
617.96	1.94727	   0.28413
619.54	1.94722	   0.28282
621.13	1.94717	   0.28153
622.72	1.94712	   0.28025
624.31	1.94706	   0.27898
625.89	1.947	   0.27772
627.48	1.94693	   0.27647
629.07	1.94687	   0.27523
630.66	1.9468	   0.274
632.24	1.94673	   0.27279
633.83	1.94666	   0.27158
635.42	1.94658	   0.27038
637.01	1.94651	   0.2692
638.59	1.94643	   0.26802
640.18	1.94635	   0.26686
641.77	1.94626	   0.2657
643.35	1.94618	   0.26455
644.94	1.94609	   0.26342
646.53	1.94601	   0.26229
648.11	1.94592	   0.26117
649.7	1.94583	   0.26006
651.29	1.94574	   0.25896
652.87	1.94564	   0.25787
654.46	1.94555	   0.25679
656.05	1.94545	   0.25572
657.63	1.94535	   0.25465
659.22	1.94525	   0.2536
660.81	1.94516	   0.25255
662.39	1.94505	   0.25151
663.98	1.94495	   0.25048
665.57	1.94485	   0.24946
667.15	1.94475	   0.24845
668.74	1.94464	   0.24744
670.32	1.94454	   0.24645
671.91	1.94443	   0.24546
673.5	1.94432	   0.24448
675.08	1.94422	   0.2435
676.67	1.94411	   0.24254
678.25	1.944	   0.24158
679.84	1.94389	   0.24063
681.42	1.94378	   0.23968
683.01	1.94367	   0.23875
684.6	1.94356	   0.23782
686.18	1.94344	   0.2369
687.77	1.94333	   0.23599
689.35	1.94322	   0.23508
690.94	1.94311	   0.23418
692.52	1.94299	   0.23328
694.11	1.94288	   0.2324
695.69	1.94277	   0.23152
697.28	1.94265	   0.23065
698.86	1.94254	   0.22978
700.45	1.94242	   0.22892
702.03	1.94231	   0.22807
703.62	1.94219	   0.22722
705.2	1.94208	   0.22638
706.79	1.94196	   0.22554
708.37	1.94185	   0.22472
709.96	1.94173	   0.22389
711.54	1.94162	   0.22308
713.12	1.9415	   0.22227
714.71	1.94139	   0.22146
716.29	1.94127	   0.22067
717.88	1.94116	   0.21987
719.46	1.94104	   0.21909
721.04	1.94093	   0.21831
722.63	1.94081	   0.21753
724.21	1.9407	   0.21676
725.8	1.94058	   0.216
727.38	1.94047	   0.21524
728.96	1.94035	   0.21449
730.55	1.94024	   0.21374
732.13	1.94012	   0.213
733.71	1.94001	   0.21226
735.3	1.93989	   0.21153
736.88	1.93978	   0.2108
738.46	1.93967	   0.21008
740.05	1.93955	   0.20936
741.63	1.93944	   0.20865
743.21	1.93933	   0.20795
744.8	1.93922	   0.20724
746.38	1.9391	   0.20655
747.96	1.93899	   0.20586
749.54	1.93888	   0.20517
751.13	1.93877	   0.20449
752.71	1.93866	   0.20381
754.29	1.93855	   0.20313
755.87	1.93844	   0.20247
757.46	1.93833	   0.2018
759.04	1.93822	   0.20114
760.62	1.93811	   0.20049
762.2	1.938	   0.19984
763.79	1.93789	   0.19919
765.37	1.93778	   0.19855
766.95	1.93768	   0.19791
768.53	1.93757	   0.19728
770.11	1.93746	   0.19665
771.69	1.93735	   0.19602
773.28	1.93725	   0.1954
774.86	1.93714	   0.19478
776.44	1.93704	   0.19417
778.02	1.93693	   0.19356
779.6	1.93683	   0.19296
781.18	1.93673	   0.19235
782.76	1.93662	   0.19176
784.34	1.93652	   0.19116
785.92	1.93642	   0.19057
787.51	1.93631	   0.18999
789.09	1.93621	   0.18941
790.67	1.93611	   0.18883
792.25	1.93601	   0.18825
793.83	1.93591	   0.18768
795.41	1.93581	   0.18711
796.99	1.93571	   0.18655
798.57	1.93561	   0.18599
800.15	1.93552	   0.18543
801.73	1.93542	   0.18488
803.31	1.93532	   0.18433
804.89	1.93522	   0.18378
806.47	1.93513	   0.18324
808.05	1.93503	   0.1827
809.63	1.93494	   0.18216
811.21	1.93484	   0.18163
812.78	1.93475	   0.1811
814.36	1.93466	   0.18057
815.94	1.93456	   0.18005
817.52	1.93447	   0.17953
819.1	1.93438	   0.17901
820.68	1.93429	   0.1785
822.26	1.9342	   0.17798
823.84	1.93411	   0.17748
825.42	1.93402	   0.17697
826.99	1.93393	   0.17647
828.57	1.93384	   0.17597
830.15	1.93375	   0.17547
831.73	1.93366	   0.17498
833.31	1.93357	   0.17449
834.88	1.93349	   0.174
836.46	1.9334	   0.17352
838.04	1.93332	   0.17304
839.62	1.93323	   0.17256
841.19	1.93315	   0.17208
842.77	1.93306	   0.17161
844.35	1.93298	   0.17114
845.93	1.9329	   0.17067
847.5	1.93281	   0.1702
849.08	1.93273	   0.16974
850.66	1.93265	   0.16928
852.23	1.93257	   0.16882
853.81	1.93249	   0.16837
855.39	1.93241	   0.16792
856.96	1.93233	   0.16747
858.54	1.93225	   0.16702
860.12	1.93217	   0.16658
861.69	1.9321	   0.16613
863.27	1.93202	   0.16569
864.84	1.93194	   0.16526
866.42	1.93187	   0.16482
868.	1.93179	   0.16439
869.57	1.93172	   0.16396
871.15	1.93164	   0.16353
872.72	1.93157	   0.16311
874.3	1.9315	   0.16268
875.87	1.93142	   0.16226
877.45	1.93135	   0.16184
879.02	1.93128	   0.16143
880.6	1.93121	   0.16101
882.17	1.93114	   0.1606
883.75	1.93107	   0.16019
885.32	1.931	   0.15979
886.9	1.93093	   0.15938
888.47	1.93086	   0.15898
890.04	1.93079	   0.15858
891.62	1.93073	   0.15818
893.19	1.93066	   0.15778
894.77	1.93059	   0.15739
896.34	1.93053	   0.157
897.91	1.93046	   0.15661
899.49	1.9304	   0.15622
901.06	1.93033	   0.15583
902.63	1.93027	   0.15545
904.21	1.93021	   0.15507
905.78	1.93014	   0.15469
907.35	1.93008	   0.15431
908.92	1.93002	   0.15393
910.5	1.92996	   0.15356
912.07	1.9299	   0.15318
913.64	1.92984	   0.15281
915.21	1.92978	   0.15245
916.79	1.92972	   0.15208
918.36	1.92966	   0.15171
919.93	1.9296	   0.15135
921.5	1.92955	   0.15099
923.07	1.92949	   0.15063
924.64	1.92943	   0.15027
926.22	1.92938	   0.14992
927.79	1.92932	   0.14956
929.36	1.92927	   0.14921
930.93	1.92921	   0.14886
932.5	1.92916	   0.14851
934.07	1.9291	   0.14817
935.64	1.92905	   0.14782
937.21	1.929	   0.14748
938.78	1.92895	   0.14713
940.35	1.92889	   0.14679
941.92	1.92884	   0.14646
943.49	1.92879	   0.14612
945.06	1.92874	   0.14578
946.63	1.92869	   0.14545
948.2	1.92864	   0.14512
949.77	1.9286	   0.14479
951.34	1.92855	   0.14446
952.91	1.9285	   0.14413
954.48	1.92845	   0.14381
956.05	1.92841	   0.14348
957.62	1.92836	   0.14316
959.18	1.92831	   0.14284
960.75	1.92827	   0.14252
962.32	1.92822	   0.1422
963.89	1.92818	   0.14188
965.46	1.92813	   0.14157
967.03	1.92809	   0.14126
968.59	1.92805	   0.14094
970.16	1.92801	   0.14063
971.73	1.92796	   0.14033
973.3	1.92792	   0.14002
974.86	1.92788	   0.13971
976.43	1.92784	   0.13941
978.	1.9278	   0.1391
979.56	1.92776	   0.1388
981.13	1.92772	   0.1385
982.7	1.92768	   0.1382
984.26	1.92764	   0.1379
985.83	1.92761	   0.13761
987.4	1.92757	   0.13731
988.96	1.92753	   0.13702
990.53	1.92749	   0.13673
992.09	1.92746	   0.13643
993.66	1.92742	   0.13614
995.23	1.92739	   0.13586
996.79	1.92735	   0.13557
998.36	1.92732	   0.13528
999.92	1.92728	   0.135
1011.76	1.92704	   0.13288
1015.25	1.92697	   0.13228
1018.73	1.92691	   0.13167
1022.22	1.92684	   0.13108
1025.7	1.92678	   0.13048
1029.18	1.92672	   0.1299
1032.66	1.92667	   0.12932
1036.14	1.92661	   0.12874
1039.61	1.92656	   0.12817
1043.09	1.92651	   0.12761
1046.56	1.92646	   0.12705
1050.04	1.92641	   0.1265
1053.51	1.92637	   0.12595
1056.98	1.92632	   0.12541
1060.45	1.92628	   0.12487
1063.92	1.92624	   0.12434
1067.39	1.9262	   0.12381
1070.85	1.92617	   0.12329
1074.32	1.92613	   0.12277
1077.78	1.9261	   0.12226
1081.25	1.92607	   0.12175
1084.71	1.92604	   0.12124
1088.17	1.92601	   0.12074
1091.63	1.92599	   0.12025
1095.09	1.92597	   0.11975
1098.55	1.92594	   0.11927
1102.01	1.92592	   0.11878
1105.47	1.9259	   0.1183
1108.92	1.92589	   0.11783
1112.38	1.92587	   0.11736
1115.83	1.92586	   0.11689
1119.29	1.92585	   0.11643
1122.74	1.92584	   0.11597
1126.19	1.92583	   0.11552
1129.64	1.92582	   0.11506
1133.1	1.92582	   0.11462
1136.54	1.92581	   0.11417
1139.99	1.92581	   0.11373
1143.44	1.92581	   0.1133
1146.89	1.92581	   0.11286
1150.34	1.92581	   0.11243
1153.78	1.92582	   0.11201
1157.23	1.92582	   0.11159
1160.67	1.92583	   0.11117
1164.12	1.92584	   0.11075
1167.56	1.92585	   0.11034
1171.	1.92586	   0.10993
1174.44	1.92587	   0.10952
1177.89	1.92588	   0.10912
1181.33	1.9259	   0.10872
1184.77	1.92591	   0.10832
1188.21	1.92593	   0.10793
1191.65	1.92595	   0.10754
1195.09	1.92597	   0.10715
1198.52	1.926	   0.10676
1201.96	1.92602	   0.10638
1205.4	1.92604	   0.106
1208.84	1.92607	   0.10562
1212.27	1.9261	   0.10525
1215.71	1.92613	   0.10488
1219.15	1.92616	   0.10451
1222.58	1.92619	   0.10415
1226.02	1.92622	   0.10378
1229.45	1.92626	   0.10342
1232.88	1.92629	   0.10307
1236.32	1.92633	   0.10271
1239.75	1.92637	   0.10236
1243.18	1.92641	   0.10201
1246.62	1.92645	   0.10166
1250.05	1.92649	   0.10131
1253.48	1.92653	   0.10097
1256.91	1.92657	   0.10063
1260.35	1.92662	   0.10029
1263.78	1.92667	   0.09996
1267.21	1.92671	   0.09962
1270.64	1.92676	   0.09929
1274.07	1.92681	   0.09896
1277.5	1.92686	   0.09864
1280.93	1.92692	   0.09831
1284.36	1.92697	   0.09799
1287.8	1.92702	   0.09767
1291.23	1.92708	   0.09735
1294.66	1.92714	   0.09704
1298.09	1.92719	   0.09672
1301.52	1.92725	   0.09641
1304.95	1.92731	   0.0961
1308.38	1.92738	   0.09579
1311.81	1.92744	   0.09549
1315.24	1.9275	   0.09519
1318.67	1.92757	   0.09488
1322.1	1.92763	   0.09458
1325.53	1.9277	   0.09429
1328.96	1.92777	   0.09399
1332.39	1.92783	   0.0937
1335.82	1.9279	   0.0934
1339.25	1.92798	   0.09311
1342.68	1.92805	   0.09282
1346.11	1.92812	   0.09254
1349.54	1.9282	   0.09225
1352.97	1.92827	   0.09197
1356.41	1.92835	   0.09169
1359.84	1.92842	   0.09141
1363.27	1.9285	   0.09113
1366.7	1.92858	   0.09085
1370.13	1.92866	   0.09058
1373.57	1.92874	   0.09031
1377.	1.92882	   0.09003
1380.43	1.92891	   0.08977
1383.86	1.92899	   0.0895
1387.3	1.92908	   0.08923
1390.73	1.92916	   0.08897
1394.17	1.92925	   0.0887
1397.6	1.92934	   0.08844
1401.04	1.92943	   0.08818
1404.47	1.92952	   0.08792
1407.91	1.92961	   0.08766
1411.35	1.9297	   0.08741
1414.78	1.92979	   0.08715
1418.22	1.92989	   0.0869
1421.66	1.92998	   0.08665
1425.1	1.93008	   0.0864
1428.53	1.93017	   0.08615
1431.97	1.93027	   0.0859
1435.41	1.93037	   0.08566
1438.85	1.93047	   0.08541
1442.29	1.93057	   0.08517
1445.74	1.93067	   0.08493
1449.18	1.93077	   0.08469
1452.62	1.93087	   0.08445
1456.06	1.93098	   0.08421
1459.51	1.93108	   0.08397
1462.95	1.93119	   0.08374
1466.4	1.93129	   0.0835
1469.84	1.9314	   0.08327
1473.29	1.93151	   0.08304
1476.74	1.93162	   0.08281
1480.18	1.93173	   0.08258
1483.63	1.93184	   0.08235
1487.08	1.93195	   0.08212
1490.53	1.93206	   0.0819
1493.98	1.93218	   0.08168
1497.44	1.93229	   0.08145
1500.89	1.93241	   0.08123
1504.34	1.93252	   0.08101
1507.8	1.93264	   0.08079
1511.25	1.93276	   0.08057
1514.71	1.93288	   0.08035
1518.16	1.933	   0.08014
1521.62	1.93312	   0.07992
1525.08	1.93324	   0.07971
1528.54	1.93336	   0.0795
1532.	1.93348	   0.07928
1535.46	1.9336	   0.07907
1538.93	1.93373	   0.07886
1542.39	1.93385	   0.07865
1545.85	1.93398	   0.07845
1549.32	1.93411	   0.07824
1552.79	1.93424	   0.07803
1556.25	1.93436	   0.07783
1559.72	1.93449	   0.07763
1563.19	1.93462	   0.07742
1566.66	1.93475	   0.07722
1570.14	1.93489	   0.07702
1573.61	1.93502	   0.07682
1577.08	1.93515	   0.07662
1580.56	1.93529	   0.07642
1584.03	1.93542	   0.07623
1587.51	1.93556	   0.07603
1590.99	1.93569	   0.07584
1594.47	1.93583	   0.07564
1597.95	1.93597	   0.07545
1601.44	1.93611	   0.07526
1604.92	1.93625	   0.07506
1608.4	1.93639	   0.07487
1611.89	1.93653	   0.07468
1615.38	1.93667	   0.0745
1618.87	1.93681	   0.07431
1622.36	1.93696	   0.07412
1625.85	1.9371	   0.07393
1629.34	1.93725	   0.07375
1632.84	1.93739	   0.07356
1636.33	1.93754	   0.07338
1639.83	1.93769	   0.0732
1643.33	1.93784	   0.07302
1646.83	1.93799	   0.07283
1650.33	1.93814	   0.07265
1653.84	1.93829	   0.07247
1657.34	1.93844	   0.0723
1660.85	1.93859	   0.07212
1664.35	1.93874	   0.07194
1667.86	1.9389	   0.07176
1671.37	1.93905	   0.07159
1674.89	1.93921	   0.07141
1678.4	1.93936	   0.07124
1681.91	1.93952	   0.07107
1685.43	1.93968	   0.07089
1688.95	1.93984	   0.07072
