211.30547   1.725349    0.51594174
212.89018   1.7324874   0.5173015
214.47495   1.7396208   0.5184206
216.05978   1.7467393   0.51930475
217.6447    1.7538333   0.51995987
219.22966   1.760894    0.52039224
220.8147    1.767913    0.52060825
222.39981   1.7748826   0.52061445
223.98495   1.7817953   0.52041763
225.57016   1.7886444   0.52002454
227.15544   1.7954237   0.5194422
228.7408    1.8021276   0.5186775
230.3262    1.8087503   0.51773745
231.91167   1.8152872   0.51662916
233.4972    1.821734    0.5153596
235.0828    1.8280865   0.5139356
236.66843   1.834341    0.5123643
238.25412   1.8404948   0.5106525
239.83989   1.8465446   0.5088068
241.4257    1.8524883   0.5068341
243.0116    1.8583237   0.5047408
244.59753   1.864049    0.5025334
246.18352   1.8696626   0.50021815
247.76958   1.8751637   0.4978012
249.35568   1.8805511   0.4952886
250.94185   1.8858242   0.49268624
252.52805   1.8909827   0.48999977
254.11433   1.8960266   0.48723465
255.70065   1.9009557   0.48439628
257.28705   1.9057702   0.4814899
258.87347   1.9104708   0.4785204
260.45996   1.9150579   0.47549275
262.0465    1.9195323   0.4724115
263.63312   1.9238949   0.46928123
265.21976   1.9281467   0.46610615
266.80646   1.9322888   0.4628905
268.3932    1.9363226   0.45963818
269.97998   1.9402492   0.45635304
271.56683   1.9440702   0.45303872
273.15375   1.9477872   0.4496986
274.74066   1.9514014   0.44633615
276.32767   1.9549147   0.44295445
277.91473   1.9583288   0.43955648
279.5018    1.9616454   0.43614522
281.08893   1.964866    0.4327233
282.67615   1.9679928   0.4292933
284.26337   1.9710273   0.42585775
285.85065   1.9739714   0.42241892
287.438     1.9768269   0.41897902
289.02533   1.9795958   0.4155402
290.61276   1.9822798   0.41210422
292.20023   1.9848808   0.40867314
293.78775   1.9874007   0.40524852
295.3753    1.9898411   0.40183216
296.9629    1.9922042   0.3984255
298.5505    1.9944916   0.39503002
300.1382    1.996705    0.39164698
301.72592   1.9988464   0.38827777
303.31366   2.0009174   0.38492352
304.9015    2.00292     0.38158524
306.48932   2.0048554   0.37826407
308.0772    2.0067258   0.3749609
309.66513   2.0085325   0.37167662
311.2531    2.0102775   0.36841202
312.84113   2.0119622   0.36516786
314.42914   2.0135882   0.36194485
316.01724   2.015157    0.3587436
317.60538   2.0166702   0.35556465
319.1935    2.0181293   0.35240868
320.7817    2.0195358   0.34927595
322.36993   2.020891    0.34616706
323.9582    2.0221963   0.34308234
325.5465    2.023453    0.34002212
327.13486   2.024663    0.3369867
328.7232    2.0258267   0.33397645
330.3116    2.026946    0.3309915
331.9001    2.0280223   0.32803208
333.48856   2.0290563   0.32509837
335.07706   2.0300493   0.32219055
336.6656    2.0310028   0.31930867
338.25418   2.0319176   0.3164529
339.84277   2.032795    0.31362325
341.43143   2.0336359   0.31081977
343.02008   2.0344412   0.3080425
344.6088    2.0352125   0.30529144
346.1975    2.0359504   0.30256662
347.7863    2.0366557   0.2998679
349.37506   2.0373297   0.29719532
350.9639    2.0379732   0.29454878
352.55273   2.038587    0.2919282
354.1416    2.0391722   0.28933355
355.73053   2.039729    0.28676462
357.31943   2.0402591   0.28422138
358.9084    2.040763    0.28170368
360.49738   2.041241    0.27921134
362.0864    2.0416944   0.2767443
363.6754    2.0421238   0.2743024
365.26447   2.0425298   0.27188537
366.85358   2.0429132   0.26949313
368.4427    2.0432744   0.26712552
370.0318    2.0436146   0.2647823
371.62097   2.043934    0.26246333
373.21014   2.0442333   0.2601684
374.79938   2.0445132   0.25789732
376.38858   2.0447743   0.25564992
377.97784   2.045017    0.25342596
379.56708   2.045242    0.25122526
381.15637   2.0454497   0.24904759
382.7457    2.0456407   0.24689272
384.33502   2.0458157   0.24476053
385.92438   2.045975    0.2426507
387.51373   2.0461187   0.24056305
389.10312   2.046248    0.2384974
390.69254   2.0463629   0.2364535
392.28195   2.046464    0.23443113
393.8714    2.0465515   0.23243006
395.46088   2.0466259   0.23045011
397.05035   2.0466878   0.22849104
398.63983   2.0467374   0.22655264
400.2293    2.046775    0.22463466
401.81885   2.0468013   0.2227369
403.4084    2.0468166   0.22085913
404.99796   2.0468209   0.21900116
406.58752   2.0468147   0.21716274
408.1771    2.0467985   0.2153437
409.7667    2.0467722   0.21354377
411.3563    2.0467365   0.21176279
412.9459    2.0466917   0.21000053
414.53555   2.046638    0.20825674
416.12518   2.0465755   0.20653123
417.71484   2.0465047   0.20482382
419.3045    2.0464258   0.20313431
420.8942    2.046339    0.20146242
422.4839    2.0462449   0.199808
424.07358   2.046143    0.19817086
425.66327   2.0460343   0.19655079
427.253     2.0459187   0.19494759
428.8427    2.0457964   0.193361
430.43243   2.0456676   0.19179095
432.02216   2.0455325   0.19023715
433.6119    2.0453916   0.18869942
435.20166   2.0452447   0.18717761
436.7914    2.045092    0.18567151
438.3812    2.0449343   0.18418089
439.97095   2.0447712   0.18270566
441.56073   2.0446029   0.18124555
443.15048   2.0444298   0.17980047
444.7403    2.044252    0.17837015
446.33008   2.0440693   0.17695445
447.91986   2.0438824   0.1755532
449.5096    2.0436914   0.17416628
451.09943   2.043496    0.17279343
452.6892    2.0432968   0.17143452
454.279     2.0430937   0.17008938
455.8688    2.042887    0.16875786
457.4586    2.0426767   0.16743977
459.04843   2.0424628   0.16613495
460.63824   2.0422459   0.16484329
462.22803   2.0420256   0.1635646
463.8178    2.0418022   0.16229872
465.40762   2.041576    0.1610455
466.9974    2.041347    0.15980482
468.58716   2.041115    0.15857652
470.17694   2.0408807   0.1573604
471.76675   2.040644    0.15615636
473.35654   2.0404046   0.15496425
474.9463    2.0401628   0.15378395
476.53607   2.039919    0.15261526
478.12582   2.039673    0.15145811
479.71564   2.039425    0.15031232
481.30536   2.039175    0.14917777
482.8951    2.038923    0.14805435
484.48486   2.0386696   0.14694187
486.07462   2.0384142   0.14584026
487.6643    2.0381572   0.14474939
489.25406   2.0378988   0.14366907
490.84375   2.0376387   0.14259924
492.43344   2.0373774   0.14153975
494.02313   2.0371146   0.14049049
495.61285   2.0368507   0.13945132
497.20248   2.0365856   0.13842216
498.79218   2.0363193   0.13740285
500.38184   2.0360518   0.13639331
501.9715    2.0357833   0.1353934
503.5611    2.035514    0.13440304
505.15073   2.0352437   0.13342206
506.74033   2.0349727   0.13245043
508.32993   2.0347009   0.13148798
509.91953   2.0344281   0.13053462
511.5091    2.034155    0.12959027
513.09863   2.033881    0.12865481
514.6882    2.0336063   0.12772812
516.2777    2.0333314   0.12681013
517.8672    2.0330558   0.12590073
519.45667   2.0327797   0.1249998
521.04614   2.0325034   0.12410728
522.6356    2.0322266   0.12322305
524.22504   2.0319495   0.122347005
525.8145    2.031672    0.12147906
527.40393   2.0313945   0.12061915
528.9933    2.0311165   0.119767174
530.58264   2.0308385   0.11892301
532.172     2.0305605   0.11808662
533.76135   2.030282    0.11725786
535.35065   2.0300038   0.1164367
536.93994   2.0297256   0.115623005
538.5292    2.029447    0.11481673
540.1184    2.0291688   0.1140178
541.70764   2.0288904   0.11322607
543.2969    2.0286121   0.11244151
544.88605   2.0283341   0.11166405
546.4752    2.0280561   0.110893585
548.06433   2.0277784   0.11013005
549.65344   2.0275009   0.10937335
551.24255   2.0272233   0.108623415
552.8316    2.0269463   0.1078802
554.4206    2.0266693   0.1071436
556.00964   2.0263927   0.10641356
557.5986    2.0261166   0.10569
559.18756   2.0258405   0.10497285
560.7765    2.025565    0.10426202
562.36536   2.0252898   0.10355749
563.9542    2.0250149   0.10285915
565.5431    2.0247405   0.102166936
567.13196   2.0244665   0.101480804
568.7207    2.0241928   0.100800686
570.30945   2.0239198   0.10012649
571.8982    2.023647    0.09945818
573.48694   2.023375    0.09879567
575.07556   2.0231035   0.09813892
576.6642    2.0228324   0.09748786
578.2528    2.0225618   0.09684242
579.84143   2.022292    0.09620256
581.42993   2.0220225   0.09556821
583.01843   2.0217535   0.0949393
584.60693   2.0214853   0.09431579
586.1954    2.0212178   0.09369762
587.78375   2.0209508   0.093084745
589.37213   2.0206845   0.092477076
590.96045   2.0204186   0.09187458
592.54877   2.0201535   0.09127719
594.1371    2.019889    0.09068486
595.7252    2.0196254   0.09009757
597.3135    2.0193624   0.0895152
598.9016    2.0191002   0.08893777
600.48975   2.0188386   0.08836517
602.0778    2.0185776   0.08779738
603.6659    2.0183175   0.08723435
605.25385   2.018058    0.08667603
606.84186   2.0177994   0.08612235
608.42975   2.0175414   0.08557331
610.01764   2.0172842   0.085028805
611.60547   2.0170279   0.08448883
613.19324   2.016772    0.08395332
614.78107   2.0165172   0.08342223
616.3688    2.0162632   0.08289553
617.9564    2.0160098   0.08237316
619.54407   2.0157573   0.081855066
621.1317    2.0155056   0.08134124
622.71924   2.0152547   0.08083161
624.30676   2.0150046   0.08032614
625.89417   2.0147555   0.0798248
627.48157   2.014507    0.07932754
629.069     2.0142593   0.0788343
630.6563    2.0140126   0.078345075
632.2435    2.0137668   0.07785981
633.8308    2.0135217   0.07737845
635.418     2.0132773   0.076900974
637.0051    2.0130339   0.07642735
638.5922    2.0127914   0.075957514
640.17926   2.0125496   0.075491466
641.76624   2.0123088   0.07502912
643.3532    2.012069    0.07457048
644.94006   2.0118299   0.0741155
646.527     2.0115917   0.07366412
648.1138    2.0113542   0.073216334
649.7005    2.0111177   0.07277211
651.28723   2.0108821   0.072331384
652.87384   2.0106473   0.07189415
654.4604    2.0104136   0.07146036
656.047     2.0101805   0.071029976
657.6334    2.0099485   0.070602976
659.21985   2.0097172   0.07017933
660.8063    2.009487    0.06975899
662.3926    2.0092576   0.069341935
663.9789    2.009029    0.06892814
665.56506   2.0088015   0.06851755
667.15125   2.0085745   0.06811017
668.73737   2.0083487   0.06770593
670.32336   2.0081236   0.067304835
671.90936   2.0078998   0.06690683
673.4953    2.0076766   0.0665119
675.0812    2.0074542   0.066120006
676.667     2.007233    0.06573113
678.2528    2.0070124   0.06534523
679.8385    2.0067928   0.06496229
681.42413   2.006574    0.06458228
683.0097    2.0063562   0.06420516
684.5952    2.0061393   0.063830934
686.1807    2.0059233   0.06345953
687.7661    2.0057082   0.06309096
689.35144   2.0054939   0.06272519
690.9367    2.0052805   0.062362168
692.5219    2.005068    0.0620019
694.10706   2.0048566   0.06164434
695.6922    2.0046458   0.061289474
697.2772    2.0044363   0.06093728
698.8622    2.0042274   0.060587723
700.4471    2.0040193   0.060240783
702.0319    2.0038123   0.05989643
703.6167    2.003606    0.05955465
705.20135   2.0034008   0.059215426
706.786     2.0031965   0.058878712
708.3706    2.0029929   0.0585445
709.95514   2.0027902   0.058212765
711.53955   2.0025885   0.057883486
713.1239    2.0023875   0.057556637
714.7082    2.0021877   0.057232205
716.2925    2.0019884   0.056910146
717.8766    2.0017903   0.056590468
719.46075   2.0015929   0.05627312
721.0448    2.0013964   0.055958103
722.6287    2.001201    0.055645395
724.2126    2.0010061   0.055334963
725.79645   2.0008123   0.05502679
727.3802    2.0006194   0.054720864
728.9638    2.0004272   0.054417163
730.5474    2.000236    0.05411566
732.131     2.0000458   0.053816333
733.7144    1.9998561   0.053519174
735.2978    1.9996675   0.053224158
736.8811    1.9994798   0.052931264
738.46436   1.9992929   0.052640475
740.0475    1.9991068   0.05235178
741.63055   1.9989215   0.052065153
743.21356   1.9987372   0.051780574
744.7965    1.9985538   0.051498022
746.3794    1.998371    0.05121749
747.96216   1.9981892   0.05093896
749.54486   1.9980083   0.050662402
751.1275    1.9978281   0.05038781
752.71      1.997649    0.050115168
754.2925    1.9974705   0.049844448
755.8749    1.9972929   0.049575645
757.45715   1.9971161   0.04930873
759.0394    1.9969403   0.049043696
760.6215    1.9967651   0.04878053
762.2036    1.9965909   0.048519205
763.7856    1.9964174   0.048259713
765.36755   1.9962448   0.048002027
766.94934   1.996073    0.047746155
768.53107   1.9959021   0.04749206
770.11273   1.995732    0.04723973
771.6943    1.9955626   0.04698916
773.27576   1.9953941   0.046740327
774.8572    1.9952264   0.046493217
776.43854   1.9950595   0.04624781
778.0198    1.9948934   0.0460041
779.6009    1.9947281   0.04576208
781.182     1.9945636   0.045521718
782.76294   1.9943999   0.045283012
784.3439    1.9942371   0.04504594
785.9247    1.994075    0.044810493
787.5054    1.9939137   0.044576656
789.086     1.9937531   0.04434442
790.66656   1.9935935   0.044113763
792.24695   1.9934344   0.043884683
793.82733   1.9932764   0.043657154
795.4076    1.9931189   0.04343117
796.9878    1.9929624   0.04320672
798.5679    1.9928066   0.042983793
800.1479    1.9926515   0.04276236
801.7278    1.9924972   0.042542435
803.3076    1.9923437   0.04232398
804.8873    1.992191    0.042106997
806.467     1.992039    0.041891474
808.0465    1.9918878   0.041677393
809.626     1.9917374   0.041464746
811.2053    1.9915876   0.041253522
812.78455   1.9914386   0.04104371
814.3638    1.9912905   0.040835287
815.9428    1.991143    0.040628262
817.5218    1.9909964   0.040422607
819.1007    1.9908503   0.040218312
820.6795    1.9907051   0.040015373
822.2581    1.9905607   0.039813787
823.83673   1.9904169   0.03961352
825.4152    1.990274    0.039414573
826.99365   1.9901316   0.039216936
828.5719    1.9899901   0.03902061
830.1501    1.9898492   0.03882556
831.7282    1.9897091   0.03863179
833.30615   1.9895698   0.0384393
834.8841    1.9894311   0.038248055
836.4619    1.9892932   0.038058054
838.03955   1.989156    0.03786931
839.6172    1.9890194   0.037681773
841.19464   1.9888836   0.03749547
842.7721    1.9887486   0.03731036
844.3493    1.9886141   0.037126467
845.92645   1.9884804   0.036943756
847.5036    1.9883474   0.036762215
849.08057   1.9882151   0.036581855
850.6574    1.9880835   0.036402658
852.2342    1.9879526   0.03622461
853.81085   1.9878224   0.036047705
855.3874    1.9876928   0.035871934
856.96387   1.987564    0.035697285
858.54016   1.9874358   0.035523765
860.1164    1.9873084   0.035351336
861.69257   1.9871815   0.03518001
863.26855   1.9870554   0.03500978
864.8444    1.9869299   0.034840632
866.4203    1.9868051   0.034672547
867.996     1.986681    0.034505535
869.5716    1.9865575   0.03433958
871.147     1.9864347   0.03417468
872.72235   1.9863126   0.034010813
874.29767   1.986191    0.033847973
875.87274   1.9860703   0.03368617
877.44775   1.9859501   0.033525378
879.02277   1.9858305   0.033365585
880.59753   1.9857117   0.0332068
882.1722    1.9855934   0.033049017
883.74677   1.9854758   0.03289221
885.3213    1.9853588   0.03273638
886.8956    1.9852426   0.032581527
888.46985   1.9851269   0.032427635
890.04395   1.9850118   0.032274697
891.618     1.9848974   0.03212271
893.1918    1.9847836   0.031971667
894.7656    1.9846705   0.03182155
896.33923   1.984558    0.031672366
897.9128    1.984446    0.0315241
899.4862    1.9843347   0.031376746
901.0596    1.9842241   0.031230295
902.6327    1.984114    0.031084752
904.20575   1.9840046   0.0309401
905.7787    1.9838958   0.030796332
907.35156   1.9837875   0.03065344
908.9242    1.9836799   0.030511428
910.4969    1.9835728   0.030370273
912.06934   1.9834665   0.030229982
913.6417    1.9833606   0.030090543
915.21387   1.9832555   0.029951958
916.78595   1.9831508   0.02981421
918.3579    1.9830468   0.029677294
919.9298    1.9829434   0.029541206
921.5016    1.9828405   0.029405937
923.0731    1.9827383   0.029271489
924.64465   1.9826366   0.029137848
926.216     1.9825355   0.02900501
927.78723   1.982435    0.028872976
929.3583    1.982335    0.02874173
930.9293    1.9822357   0.02861127
932.5001    1.9821368   0.028481595
934.0709    1.9820386   0.028352685
935.6415    1.981941    0.02822455
937.2119    1.9818438   0.028097183
938.78235   1.9817473   0.027970564
940.35254   1.9816513   0.027844701
941.92255   1.9815559   0.02771959
943.49255   1.981461    0.027595213
945.0624    1.9813668   0.027471576
946.632     1.981273    0.027348675
948.20166   1.9811798   0.027226487
949.7711    1.9810872   0.027105026
951.34033   1.9809952   0.026984286
952.90955   1.9809036   0.026864244
954.4785    1.9808125   0.026744919
956.0475    1.9807221   0.026626283
957.6162    1.9806322   0.026508346
959.1849    1.9805428   0.026391096
960.7534    1.980454    0.02627453
962.3218    1.9803656   0.026158646
963.88995   1.9802779   0.026043443
965.4581    1.9801906   0.025928898
967.02606   1.9801039   0.025815023
968.5939    1.9800177   0.025701813
970.1615    1.979932    0.025589257
971.7291    1.9798468   0.025477348
973.2965    1.9797622   0.02536609
974.8638    1.979678    0.025255471
976.43097   1.9795943   0.025145488
977.9979    1.9795113   0.02503614
979.5648    1.9794286   0.024927419
981.13153   1.9793466   0.024819324
982.6981    1.979265    0.024711847
984.2645    1.9791839   0.024604987
985.8309    1.9791034   0.024498738
987.397     1.9790233   0.024393097
988.963     1.9789437   0.024288056
990.52893   1.9788647   0.02418361
992.0946    1.9787861   0.024079762
993.6603    1.978708    0.023976501
995.2257    1.9786304   0.023873828
996.7909    1.9785533   0.02377174
998.35614   1.9784768   0.023670223
999.9211    1.9784006   0.023569286
1011.76337  1.97784     0.022823373
1015.2489   1.97768     0.022609701
1018.7332   1.9775224   0.022398708
1022.2163   1.9773672   0.022190345
1025.698    1.9772142   0.02198458
1029.1786   1.9770635   0.021781366
1032.658    1.9769151   0.021580666
1036.136    1.9767689   0.021382436
1039.6129   1.976625    0.021186646
1043.0886   1.9764832   0.020993246
1046.5632   1.9763436   0.020802205
1050.0367   1.9762062   0.020613492
1053.509    1.9760709   0.020427065
1056.9802   1.9759377   0.020242883
1060.4503   1.9758066   0.020060927
1063.9193   1.9756776   0.019881148
1067.3873   1.9755507   0.01970352
1070.8542   1.9754258   0.019528013
1074.3201   1.9753029   0.019354591
1077.7849   1.9751822   0.01918322
1081.2488   1.9750633   0.019013872
1084.7115   1.9749465   0.018846521
1088.1735   1.9748316   0.01868113
1091.6343   1.9747186   0.018517675
1095.0942   1.9746075   0.018356124
1098.5532   1.9744984   0.01819645
1102.0114   1.9743911   0.018038625
1105.4685   1.9742858   0.017882627
1108.9247   1.9741822   0.017728422
1112.3801   1.9740807   0.017575983
1115.8347   1.9739808   0.017425291
1119.2883   1.9738828   0.017276317
1122.7413   1.9737866   0.017129032
1126.1934   1.9736922   0.01698342
1129.6447   1.9735994   0.01683945
1133.095    1.9735086   0.016697107
1136.5447   1.9734194   0.016556358
1139.9938   1.9733319   0.016417183
1143.4419   1.9732462   0.016279563
1146.8894   1.9731622   0.016143475
1150.3362   1.9730798   0.016008895
1153.7822   1.9729991   0.015875801
1157.2277   1.9729202   0.015744174
1160.6724   1.9728427   0.015613995
1164.1165   1.972767    0.015485243
1167.5598   1.9726928   0.015357896
1171.0027   1.9726204   0.015231938
1174.4448   1.9725494   0.015107347
1177.8865   1.97248     0.014984104
1181.3275   1.9724122   0.014862188
1184.768    1.972346    0.014741588
1188.2079   1.9722813   0.01462228
1191.6472   1.9722182   0.014504251
1195.0862   1.9721565   0.01438748
1198.5245   1.9720963   0.014271949
1201.9624   1.9720377   0.0141576445
1205.3999   1.9719806   0.014044546
1208.8368   1.9719249   0.0139326425
1212.2733   1.9718707   0.013821914
1215.7095   1.9718179   0.013712345
1219.1451   1.9717666   0.013603923
1222.5803   1.9717166   0.013496632
1226.0154   1.9716681   0.013390452
1229.4498   1.9716212   0.013285375
1232.884    1.9715754   0.013181383
1236.3179   1.9715312   0.01307846
1239.7513   1.9714882   0.012976596
1243.1846   1.9714468   0.012875776
1246.6174   1.9714066   0.012775985
1250.05     1.9713677   0.01267721
1253.4825   1.9713303   0.012579437
1256.9147   1.971294    0.012482656
1260.3464   1.9712592   0.012386854
1263.7781   1.9712257   0.012292015
1267.2097   1.9711934   0.012198127
1270.6409   1.9711626   0.012105181
1274.072    1.9711329   0.012013162
1277.5029   1.9711045   0.011922062
1280.9338   1.9710774   0.011831864
1284.3645   1.9710516   0.01174256
1287.795    1.971027    0.011654139
1291.2255   1.9710037   0.011566588
1294.6559   1.9709816   0.0114798965
1298.0862   1.9709606   0.0113940565
1301.5164   1.970941    0.011309053
1304.9465   1.9709226   0.011224879
1308.3768   1.9709053   0.011141521
1311.807    1.9708892   0.011058972
1315.2372   1.9708743   0.010977221
1318.6674   1.9708606   0.010896258
1322.0977   1.9708481   0.010816072
1325.528    1.9708368   0.010736656
1328.9583   1.9708265   0.010658
1332.3887   1.9708174   0.010580094
1335.8192   1.9708096   0.010502927
1339.2499   1.9708028   0.010426492
1342.6807   1.9707972   0.0103507815
1346.1116   1.9707927   0.010275786
1349.5426   1.9707892   0.010201495
1352.9739   1.9707869   0.010127901
1356.4053   1.9707857   0.010054996
1359.8369   1.9707856   0.009982771
1363.2688   1.9707866   0.00991122
1366.7008   1.9707886   0.009840334
1370.133    1.9707918   0.009770104
1373.5657   1.970796    0.009700523
1376.9984   1.9708012   0.0096315835
1380.4316   1.9708076   0.009563276
1383.865    1.970815    0.009495597
1387.2987   1.9708234   0.009428537
1390.7328   1.9708328   0.0093620885
1394.1672   1.9708434   0.009296243
1397.602    1.9708549   0.0092309965
1401.0372   1.9708675   0.009166341
1404.4729   1.9708811   0.009102267
1407.9088   1.9708956   0.009038773
1411.3452   1.9709113   0.008975849
1414.782    1.9709278   0.008913488
1418.2194   1.9709454   0.008851685
1421.657    1.970964    0.008790434
1425.0953   1.9709836   0.008729726
1428.534    1.9710041   0.008669557
1431.9733   1.9710256   0.0086099235
1435.4131   1.9710481   0.008550813
1438.8534   1.9710716   0.008492225
1442.2942   1.971096    0.008434151
1445.7357   1.9711214   0.008376586
1449.1777   1.9711478   0.008319526
1452.6204   1.9711751   0.008262961
1456.0637   1.9712032   0.00820689
1459.5076   1.9712324   0.008151306
1462.952    1.9712625   0.008096202
1466.3972   1.9712936   0.008041575
1469.8431   1.9713255   0.007987417
1473.2898   1.9713583   0.007933726
1476.737    1.9713922   0.007880495
1480.1849   1.9714268   0.007827721
1483.6337   1.9714625   0.007775395
1487.0833   1.971499    0.0077235154
1490.5334   1.9715364   0.007672076
1493.9845   1.9715747   0.007621074
1497.4363   1.9716139   0.0075705023
1500.8889   1.9716539   0.007520357
1504.3425   1.971695    0.0074706334
1507.7968   1.9717368   0.0074213278
1511.252    1.9717795   0.0073724347
1514.708    1.9718231   0.0073239505
1518.1649   1.9718676   0.00727587
1521.6228   1.971913    0.00722819
1525.0814   1.9719591   0.0071809064
1528.5411   1.9720062   0.0071340133
1532.0017   1.9720541   0.0070875073
1535.4633   1.9721029   0.0070413854
1538.9259   1.9721526   0.0069956416
1542.3894   1.972203    0.006950273
1545.854    1.9722544   0.0069052763
1549.3196   1.9723065   0.006860648
1552.7861   1.9723595   0.006816382
1556.2538   1.9724133   0.006772476
1559.7225   1.972468    0.0067289257
1563.1923   1.9725235   0.0066857296
1566.6632   1.9725797   0.006642881
1570.1353   1.9726369   0.0066003767
1573.6084   1.9726949   0.006558215
1577.0826   1.9727536   0.006516392
1580.558    1.9728132   0.006474904
1584.0347   1.9728736   0.0064337454
1587.5125   1.9729348   0.006392916
1590.9915   1.9729968   0.006352411
1594.4716   1.9730597   0.0063122273
1597.953    1.9731232   0.0062723616
1601.4357   1.9731876   0.006232811
1604.9197   1.9732528   0.0061935713
1608.4048   1.9733188   0.006154641
1611.8914   1.9733856   0.006116016
1615.3792   1.9734532   0.006077693
1618.8682   1.9735215   0.00603967
1622.3586   1.9735906   0.0060019423
1625.8505   1.9736606   0.0059645087
1629.3436   1.9737313   0.0059273657
1632.8381   1.9738028   0.0058905105
1636.3341   1.973875    0.0058539407
1639.8314   1.973948    0.005817652
1643.3303   1.9740218   0.0057816426
1646.8304   1.9740964   0.00574591
1650.332    1.9741718   0.005710453
1653.8352   1.9742478   0.005675265
1657.3398   1.9743247   0.0056403456
1660.846    1.9744023   0.005605693
1664.3535   1.9744806   0.005571304
1667.8627   1.9745598   0.0055371746
1671.3733   1.9746397   0.0055033057
1674.8855   1.9747202   0.0054696905
1678.3994   1.9748017   0.005436329
1681.9148   1.9748838   0.0054032183
1685.4319   1.9749666   0.005370357
1688.9504   1.9750503   0.005337742
