19.0745   0.869705    0.799122
19.0892   0.869705    0.799122
19.1039   0.869705    0.799122
19.1186   0.869757    0.804822
19.1334   0.870327    0.804295
19.1481   0.870327    0.804295
19.1629   0.870274    0.798599
19.1778   0.869757    0.804822
19.1926   0.869757    0.804822
19.2075   0.870327    0.804295
19.2224   0.870274    0.798599
19.2373   0.869705    0.799122
19.2522   0.868564    0.800172
19.2672   0.867474    0.806940
19.2821   0.867581    0.818367
19.2971   0.867690    0.829790
19.3122   0.868315    0.834950
19.3272   0.868941    0.840103
19.3423   0.869510    0.839553
19.3574   0.870080    0.839003
19.3725   0.870649    0.838455
19.3877   0.870595    0.832764
19.4028   0.870025    0.833309
19.4180   0.870080    0.839003
19.4333   0.870595    0.832764
19.4485   0.870595    0.832764
19.4638   0.869971    0.827614
19.4791   0.869401    0.828156
19.4944   0.868886    0.834402
19.5097   0.868315    0.834950
19.5251   0.867800    0.841208
19.5405   0.867911    0.852622
19.5559   0.867967    0.858327
19.5713   0.868024    0.864032
19.5868   0.869164    0.862898
19.6022   0.869164    0.862898
19.6178   0.868594    0.863464
19.6333   0.868024    0.864032
19.6488   0.868651    0.869164
19.6644   0.868651    0.869164
19.6800   0.868081    0.869735
19.6957   0.868081    0.869735
19.7113   0.868081    0.869735
19.7270   0.867510    0.870307
19.7427   0.866368    0.871454
19.7584   0.865855    0.877745
19.7742   0.865400    0.889762
19.7900   0.865518    0.901194
19.8058   0.866149    0.906311
19.8216   0.866209    0.912020
19.8375   0.866840    0.917125
19.8534   0.866269    0.917729
19.8693   0.866330    0.923436
19.8852   0.865820    0.929754
19.9012   0.866006    0.946876
19.9171   0.867271    0.957025
19.9331   0.868472    0.961458
19.9492   0.869546    0.954521
19.9652   0.869484    0.948838
19.9813   0.869484    0.948838
19.9974   0.868978    0.955145
20.0136   0.869104    0.966513
20.0298   0.870366    0.976600
20.0459   0.872067    0.974696
20.0622   0.873073    0.962119
20.0784   0.872949    0.950800
20.0947   0.872321    0.945752
20.1110   0.871693    0.940698
20.1273   0.871693    0.940698
20.1437   0.870559    0.941924
20.1600   0.870052    0.948219
20.1764   0.870114    0.953897
20.1929   0.869609    0.960202
20.2093   0.870240    0.965251
20.2258   0.870303    0.970926
20.2423   0.870870    0.970294
20.2589   0.871500    0.975330
20.2754   0.872004    0.969033
20.2920   0.871374    0.963995
20.3086   0.871374    0.963995
20.3253   0.871374    0.963995
20.3420   0.870870    0.970294
20.3587   0.870870    0.970294
20.3754   0.870303    0.970926
20.3921   0.870430    0.982273
20.4089   0.871126    0.992968
20.4257   0.871757    0.997985
20.4426   0.872323    0.997337
20.4594   0.872888    0.996691
20.4763   0.874018    0.995402
20.4933   0.873954    0.989754
20.5102   0.874455    0.983469
20.5272   0.874957    0.977191
20.5442   0.874894    0.971547
20.5612   0.874266    0.966525
20.5783   0.874266    0.966525
20.5954   0.874769    0.960253
20.6125   0.874707    0.954605
20.6296   0.874646    0.948956
20.6468   0.874019    0.943915
20.6640   0.873898    0.932603
20.6813   0.872705    0.928148
20.6985   0.872078    0.923082
20.7158   0.870884    0.918607
20.7331   0.869747    0.919807
20.7505   0.868670    0.926704
20.7679   0.868670    0.926704
20.7853   0.868101    0.927312
20.8027   0.866900    0.922828
20.8202   0.865759    0.924045
20.8377   0.864106    0.931599
20.8552   0.863086    0.944286
20.8728   0.863275    0.961455
20.8903   0.863339    0.967175
20.9080   0.863975    0.972250
20.9256   0.864546    0.971608
20.9433   0.864482    0.965896
20.9610   0.863847    0.960818
20.9787   0.863275    0.961455
20.9965   0.862703    0.962093
21.0143   0.861557    0.963372
21.0321   0.860984    0.964013
21.0499   0.859901    0.971042
21.0678   0.859966    0.976783
21.0857   0.860031    0.982523
21.1037   0.859457    0.983179
21.1217   0.858817    0.978090
21.1397   0.857667    0.979401
21.1577   0.855939    0.981379
21.1758   0.854918    0.994247
21.1939   0.854476    0.100646
21.2120   0.853967    0.101292
21.2302   0.853458    0.101938
21.2484   0.853020    0.103163
21.2666   0.852512    0.103811
21.2848   0.852005    0.104460
21.3031   0.850919    0.105180
21.3214   0.850484    0.106410
21.3398   0.850051    0.107641
21.3582   0.849545    0.108293
21.3766   0.849115    0.109526
21.3950   0.849341    0.111263
21.4135   0.849493    0.112420
21.4320   0.849570    0.112998
21.4506   0.849647    0.113577
21.4691   0.849224    0.114811
21.4877   0.848724    0.115467
21.5064   0.848882    0.116624
21.5250   0.848544    0.118438
21.5437   0.849284    0.119512
21.5625   0.849447    0.120667
21.5812   0.850188    0.121738
21.6000   0.850847    0.122231
21.6189   0.851505    0.122724
21.6377   0.851505    0.122724
21.6566   0.851013    0.123382
21.6756   0.851181    0.124533
21.6945   0.851350    0.125683
21.7135   0.852754    0.127235
21.7325   0.853900    0.127064
21.7516   0.853900    0.127064
21.7707   0.853900    0.127064
21.7898   0.853985    0.127637
21.8090   0.853985    0.127637
21.8282   0.854157    0.128782
21.8474   0.854244    0.129354
21.8667   0.854816    0.129268
21.8860   0.854816    0.129268
21.9053   0.854902    0.129839
21.9247   0.854989    0.130411
21.9441   0.854989    0.130411
21.9635   0.854989    0.130411
21.9830   0.854418    0.130498
22.0025   0.853449    0.131818
22.0221   0.852966    0.132479
22.0416   0.852662    0.134285
22.0612   0.852362    0.136092
22.0809   0.853209    0.137715
22.1006   0.854628    0.139242
22.1203   0.855859    0.139626
22.1400   0.857090    0.140009
22.1598   0.857658    0.139916
22.1796   0.858318    0.140391
22.1995   0.859545    0.140772
22.2194   0.860677    0.140587
22.2393   0.861243    0.140495
22.2593   0.861808    0.140403
22.2793   0.862938    0.140219
22.2993   0.863229    0.138434
22.3194   0.861827    0.136918
22.3395   0.860128    0.137189
22.3596   0.859085    0.137937
22.3798   0.858701    0.139164
22.4000   0.858318    0.140391
22.4203   0.857937    0.141619
22.4406   0.858125    0.142753
22.4609   0.858976    0.144358
22.4813   0.860862    0.145203
22.5017   0.861896    0.144449
22.5221   0.861896    0.144449
22.5426   0.862086    0.145577
22.5631   0.863213    0.145387
22.5836   0.864245    0.144635
22.6042   0.864151    0.144072
22.6249   0.864057    0.143509
22.6455   0.864057    0.143509
22.6662   0.863871    0.142382
22.6870   0.862557    0.141440
22.7077   0.860769    0.141153
22.7285   0.859164    0.141998
22.7494   0.857843    0.144549
22.7703   0.857661    0.146911
22.7912   0.859085    0.148414
22.8122   0.859747    0.148881
22.8332   0.859845    0.149445
22.8542   0.860042    0.150574
22.8753   0.860240    0.151702
22.8964   0.861766    0.153754
22.9176   0.864673    0.153815
22.9388   0.867275    0.152201
22.9600   0.868371    0.148554
22.9813   0.866214    0.146038
23.0026   0.863213    0.145387
23.0240   0.861054    0.146332
23.0454   0.859456    0.147186
23.0668   0.857856    0.148043
23.0883   0.856453    0.150037
23.1098   0.855821    0.153069
23.1314   0.856794    0.155230
23.1530   0.858231    0.156718
23.1746   0.859564    0.157638
23.1963   0.860895    0.158556
23.2180   0.862476    0.157686
23.2398   0.862170    0.156002
23.2616   0.861046    0.156205
23.2834   0.860689    0.157432
23.3053   0.861915    0.157788
23.3272   0.861710    0.156665
23.3492   0.860484    0.156307
23.3712   0.859461    0.157075
23.3932   0.858334    0.157281
23.4153   0.856077    0.157696
23.4375   0.854237    0.160377
23.4596   0.853534    0.162852
23.4819   0.853968    0.165112
23.5041   0.853733    0.166914
23.5264   0.853725    0.169844
23.5488   0.854965    0.173106
23.5711   0.857104    0.175008
23.5936   0.859125    0.176342
23.6160   0.860701    0.178343
23.6385   0.863827    0.179434
23.6611   0.866597    0.178860
23.6837   0.868143    0.177966
23.7063   0.868695    0.177853
23.7290   0.870351    0.177515
23.7518   0.871342    0.176739
23.7745   0.871893    0.176627
23.7973   0.872555    0.177066
23.8202   0.874428    0.177831
23.8431   0.877170    0.177275
23.8661   0.879576    0.175084
23.8891   0.880571    0.171480
23.9121   0.879389    0.168299
23.9352   0.877768    0.165761
23.9583   0.875253    0.164524
23.9815   0.872282    0.163938
24.0047   0.870065    0.164356
24.0279   0.867949    0.165332
24.0512   0.866044    0.167428
24.0746   0.865256    0.169314
24.0980   0.865694    0.171539
24.1214   0.866470    0.172539
24.1449   0.867025    0.172429
24.1685   0.866805    0.171319
24.1920   0.864918    0.170536
24.2157   0.862132    0.171088
24.2393   0.860233    0.173209
24.2631   0.859456    0.175111
24.2868   0.857449    0.176687
24.3106   0.855352    0.180627
24.3345   0.855749    0.185218
24.3584   0.857837    0.189430
24.3823   0.861101    0.191035
24.4063   0.863679    0.192201
24.4304   0.865332    0.191834
24.4545   0.866005    0.192262
24.4786   0.866250    0.193362
24.5028   0.867594    0.194215
24.5270   0.868512    0.195737
24.5513   0.869431    0.197256
24.5757   0.871566    0.199067
24.6000   0.875623    0.199287
24.6245   0.878753    0.198008
24.6489   0.880856    0.194697
24.6735   0.880261    0.191988
24.6980   0.879365    0.190478
24.7227   0.877925    0.189082
24.7473   0.876056    0.188344
24.7721   0.874418    0.188697
24.7968   0.873562    0.190027
24.8217   0.872588    0.190812
24.8465   0.872041    0.190931
24.8715   0.870946    0.191171
24.8964   0.869971    0.191961
24.9214   0.868447    0.192873
24.9465   0.867168    0.194887
24.9716   0.866318    0.196233
24.9968   0.865046    0.198255
25.0220   0.864162    0.201930
25.0473   0.865066    0.205765
25.0726   0.867487    0.208649
25.0980   0.870469    0.209083
25.1234   0.873051    0.207892
25.1489   0.872410    0.205179
25.1745   0.868343    0.204988
25.2000   0.865720    0.208497
25.2257   0.865424    0.212035
25.2514   0.865686    0.215436
25.2771   0.866503    0.218695
25.3029   0.868814    0.220991
25.3287   0.869491    0.221394
25.3546   0.868826    0.223290
25.3806   0.868726    0.227344
25.4066   0.871613    0.231754
25.4327   0.875674    0.234105
25.4588   0.879681    0.234176
25.4849   0.882332    0.233472
25.5111   0.883780    0.232524
25.5374   0.882834    0.231074
25.5637   0.880991    0.232692
25.5901   0.880778    0.236155
25.6166   0.883602    0.238229
25.6431   0.884941    0.238999
25.6696   0.885083    0.239525
25.6962   0.884986    0.241247
25.7229   0.884656    0.244163
25.7496   0.885005    0.247456
25.7763   0.885514    0.251267
25.8032   0.887898    0.255660
25.8300   0.891474    0.260243
25.8570   0.895925    0.263973
25.8840   0.900927    0.265837
25.9110   0.904077    0.267123
25.9381   0.907666    0.269923
25.9653   0.913558    0.273108
25.9925   0.920314    0.273820
26.0198   0.926582    0.273047
26.0471   0.932321    0.272438
26.0745   0.938379    0.271212
26.1019   0.943710    0.267561
26.1294   0.946806    0.263518
26.1570   0.948849    0.261369
26.1846   0.952495    0.259319
26.2123   0.955386    0.256441
26.2400   0.958410    0.254067
26.2678   0.961053    0.250246
26.2957   0.961146    0.246581
26.3236   0.961260    0.244991
26.3516   0.962842    0.243031
26.3796   0.964183    0.240100
26.4077   0.964307    0.238513
26.4359   0.965532    0.237175
26.4641   0.966283    0.233886
26.4923   0.964342    0.232283
26.5207   0.963108    0.233619
26.5491   0.964804    0.236318
26.5775   0.968827    0.235852
26.6060   0.971882    0.233568
26.6346   0.973593    0.232130
26.6633   0.975676    0.230097
26.6920   0.977276    0.228185
26.7207   0.979251    0.225683
26.7496   0.980041    0.222440
26.7784   0.979602    0.220498
26.8074   0.980841    0.219200
26.8364   0.981488    0.217527
26.8655   0.982137    0.215856
26.8946   0.982790    0.214186
26.9238   0.982854    0.212137
26.9531   0.982854    0.212137
26.9824   0.984311    0.211823
27.0118   0.986529    0.210333
27.0413   0.988159    0.208468
27.0708   0.990276    0.206508
27.1004   0.993260    0.203874
27.1300   0.994891    0.199519
27.1597   0.995868    0.194303
27.1895   0.994450    0.189552
27.2194   0.991770    0.186031
27.2493   0.988966    0.184536
27.2792   0.987806    0.183741
27.3093   0.987715    0.183251
27.3394   0.987933    0.181692
27.3696   0.988154    0.180134
27.3998   0.988867    0.178487
27.4301   0.989408    0.175863
27.4605   0.989465    0.173326
27.4910   0.989851    0.169722
27.5215   0.989268    0.166285
27.5520   0.987628    0.162511
27.5827   0.986652    0.159631
27.6134   0.985525    0.155755
27.6442   0.983341    0.151524
27.6750   0.979747    0.147997
27.7060   0.976148    0.144445
27.7370   0.972114    0.141444
27.7680   0.967130    0.139071
27.7991   0.961686    0.137259
27.8303   0.955919    0.137041
27.8616   0.950706    0.137266
27.8930   0.945617    0.138534
27.9244   0.940062    0.140416
27.9558   0.935686    0.143210
27.9874   0.932515    0.146915
28.0190   0.930484    0.150997
28.0507   0.930389    0.153699
28.0825   0.929516    0.154919
28.1143   0.927420    0.155269
28.1462   0.924536    0.157376
28.1782   0.921833    0.160550
28.2103   0.919663    0.163647
28.2424   0.917693    0.167812
28.2746   0.917619    0.173275
28.3069   0.920620    0.177598
28.3392   0.924580    0.178459
28.3717   0.925943    0.177117
28.4042   0.923557    0.175950
28.4367   0.920620    0.177598
28.4694   0.918614    0.181251
28.5021   0.918404    0.185648
28.5349   0.919365    0.190349
28.5678   0.922726    0.193449
28.6007   0.925643    0.194459
28.6338   0.927302    0.194651
28.6669   0.928443    0.194950
28.7000   0.928551    0.195466
28.7333   0.928472    0.197637
28.7666   0.930384    0.201530
28.8000   0.935835    0.201959
28.8335   0.937625    0.197840
28.8671   0.934233    0.196953
28.9007   0.932948    0.200976
28.9345   0.934971    0.205354
28.9683   0.939206    0.207622
29.0021   0.943986    0.207630
29.0361   0.947189    0.205345
29.0701   0.949060    0.201779
29.1043   0.946799    0.198564
29.1385   0.943867    0.199710
29.1727   0.942598    0.203692
29.2071   0.946227    0.208195
29.2416   0.951976    0.207988
29.2761   0.955656    0.205618
29.3107   0.957017    0.202191
29.3454   0.956282    0.198686
29.3801   0.953564    0.198204
29.4150   0.952371    0.200027
29.4499   0.953693    0.201323
29.4849   0.954802    0.201612
29.5200   0.956517    0.202297
29.5552   0.958911    0.201270
29.5905   0.958889    0.198667
29.6259   0.956784    0.198582
29.6613   0.955699    0.200900
29.6968   0.957834    0.203584
29.7324   0.960540    0.204052
29.7681   0.961823    0.202740
29.8039   0.962818    0.202530
29.8398   0.963525    0.203420
29.8757   0.965614    0.203497
29.9117   0.967987    0.202482
29.9479   0.968770    0.201286
29.9841   0.968770    0.201286
30.0204   0.970953    0.201864
30.0568   0.973012    0.199381
30.0932   0.972016    0.197013
30.1298   0.970037    0.197415
30.1665   0.970544    0.199888
30.2032   0.972620    0.199975
30.2400   0.973404    0.198787
30.2770   0.970835    0.198798
30.3140   0.967492    0.202586
30.3511   0.966928    0.212012
30.3883   0.975179    0.223549
30.4256   0.990339    0.229719
30.4629   1.00905    0.228433
30.5004   1.02673    0.217195
30.5380   1.03602    0.198355
30.5756   1.03575    0.181029
30.6134   1.03015    0.167937
30.6512   1.02436    0.159123
30.6892   1.01848    0.152678
30.7272   1.01184    0.147750
30.7653   1.00594    0.144640
30.8035   1.00022    0.142969
30.8418   0.996082    0.142057
30.8802   0.991504    0.141704
30.9187   0.987543    0.142272
30.9574   0.985277    0.144122
30.9960   0.985277    0.144122
31.0348   0.984065    0.142775
31.0737   0.981856    0.141569
31.1127   0.979359    0.141930
31.1518   0.977503    0.143222
31.1910   0.977577    0.143723
31.2303   0.977503    0.143222
31.2697   0.977858    0.142147
31.3091   0.976638    0.140789
31.3487   0.975490    0.139930
31.3884   0.974844    0.138997
31.4282   0.974127    0.137559
31.4681   0.972907    0.136190
31.5081   0.971112    0.134382
31.5481   0.968949    0.133650
31.5883   0.967219    0.132338
31.6286   0.964031    0.131739
31.6690   0.960971    0.132158
31.7095   0.959651    0.133903
31.7501   0.958188    0.134629
31.7908   0.956797    0.135870
31.8316   0.956504    0.137480
31.8725   0.957824    0.139378
31.9136   0.959867    0.139082
31.9547   0.961249    0.137841
31.9959   0.962345    0.134567
32.0373   0.961342    0.131067
32.0787   0.958438    0.128855
32.1203   0.955083    0.127214
32.1619   0.952439    0.127042
32.2037   0.950443    0.127835
32.2456   0.948822    0.127527
32.2875   0.946231    0.127876
32.3296   0.944223    0.128677
32.3719   0.942734    0.129411
32.4142   0.941315    0.130668
32.4566   0.940565    0.132899
32.4991   0.941233    0.133867
32.5418   0.941233    0.133867
32.5845   0.941308    0.134388
32.6274   0.941902    0.134834
32.6704   0.943388    0.134091
32.7135   0.943614    0.131939
32.7567   0.942877    0.130452
32.8000   0.941621    0.129033
32.8435   0.940293    0.127088
32.8871   0.937990    0.125801
32.9307   0.935298    0.125628
32.9745   0.933195    0.125911
33.0184   0.931616    0.126125
33.0624   0.930033    0.126340
33.1066   0.927919    0.126627
33.1509   0.927079    0.128360
33.1952   0.926624    0.128963
33.2397   0.926021    0.128507
33.2843   0.924960    0.128654
33.3291   0.923973    0.129333
33.3739   0.923443    0.129407
33.4189   0.923368    0.128876
33.4640   0.922157    0.127961
33.5092   0.921019    0.127576
33.5546   0.919198    0.126197
33.6001   0.916452    0.126030
33.6456   0.913845    0.126936
33.6914   0.911846    0.128311
33.7372   0.910539    0.130692
33.7832   0.910234    0.132384
33.8292   0.911466    0.133302
33.8755   0.912002    0.133223
33.9218   0.911846    0.132149
33.9683   0.911076    0.130615
34.0149   0.909846    0.129692
34.0616   0.907612    0.129461
34.1084   0.905914    0.129151
34.1554   0.903748    0.129461
34.2025   0.901577    0.129773
34.2498   0.900024    0.130552
34.2971   0.897925    0.131414
34.3447   0.895357    0.132908
34.3923   0.894675    0.135804
34.4401   0.895554    0.137903
34.4880   0.896644    0.137736
34.5360   0.895932    0.136729
34.5842   0.894841    0.136896
34.6325   0.893832    0.137610
34.6809   0.893286    0.137694
34.7295   0.892192    0.137863
34.7782   0.891560    0.137400
34.8270   0.889915    0.137654
34.8760   0.888353    0.138458
34.9251   0.887975    0.139644
34.9744   0.888062    0.140193
35.0238   0.887426    0.139730
35.0733   0.886703    0.138716
35.1230   0.884964    0.138424
35.1728   0.883308    0.138683
35.2228   0.881562    0.138391
35.2729   0.880542    0.139119
35.3231   0.880542    0.139119
35.3735   0.879171    0.137630
35.4241   0.876774    0.136865
35.4747   0.873811    0.136185
35.5256   0.870926    0.136062
35.5765   0.867470    0.136028
35.6276   0.863048    0.137304
35.6789   0.859835    0.138980
35.7303   0.856802    0.141806
35.7819   0.854244    0.143987
35.8336   0.851686    0.146181
35.8854   0.848657    0.149059
35.9374   0.847085    0.153468
35.9896   0.846465    0.156533
36.0419   0.845177    0.159138
36.0944   0.843216    0.161287
36.1470   0.841021    0.165275
36.1998   0.839307    0.171570
36.2527   0.840733    0.178416
36.3058   0.845033    0.184608
36.3590   0.851643    0.187872
36.4124   0.858340    0.186406
36.4659   0.862072    0.182119
36.5196   0.861700    0.177556
36.5735   0.859011    0.175784
36.6275   0.856889    0.176802
36.6817   0.855769    0.177034
36.7361   0.854204    0.177944
36.7906   0.853995    0.179743
36.8452   0.854910    0.181306
36.9001   0.856029    0.181069
36.9550   0.855911    0.180509
37.0102   0.855676    0.179390
37.0655   0.854321    0.178504
37.1210   0.851722    0.177288
37.1767   0.848905    0.177876
37.2325   0.846319    0.179601
37.2885   0.844985    0.181660
37.3446   0.843410    0.182592
37.4010   0.842081    0.184662
37.4575   0.840756    0.186737
37.5141   0.839436    0.188817
37.5710   0.838816    0.191341
37.6280   0.838769    0.193736
37.6852   0.839427    0.196563
37.7425   0.841515    0.197857
37.8001   0.842377    0.196468
37.8578   0.840988    0.195603
37.9157   0.839294    0.195998
37.9737   0.837032    0.196528
38.0320   0.833765    0.197898
38.0904   0.831038    0.201555
38.1490   0.829175    0.206229
38.2078   0.829471    0.212183
38.2667   0.832474    0.216824
38.3259   0.836305    0.220015
38.3852   0.840796    0.221219
38.4447   0.844827    0.220755
38.5044   0.847860    0.218786
38.5643   0.849365    0.215455
38.6244   0.849083    0.211994
38.6846   0.847420    0.210049
38.7451   0.845199    0.208235
38.8057   0.842552    0.207109
38.8665   0.839612    0.207239
38.9275   0.836522    0.206809
38.9887   0.832148    0.208496
39.0501   0.828905    0.212328
39.1117   0.827103    0.217023
39.1735   0.829425    0.221238
39.2355   0.831411    0.221912
39.2977   0.831112    0.220788
39.3601   0.829575    0.221800
39.4226   0.828752    0.223227
39.4854   0.827216    0.224246
39.5484   0.825579    0.227113
39.6116   0.825795    0.230081
39.6749   0.827544    0.232012
39.7385   0.828261    0.232415
39.8023   0.828261    0.232415
39.8663   0.827141    0.232729
39.9305   0.826179    0.233606
39.9949   0.824976    0.235765
40.0595   0.825059    0.238165
40.1243   0.827219    0.239356
40.1894   0.827853    0.237361
40.2546   0.826096    0.235445
40.3201   0.822410    0.235284
40.3857   0.818470    0.236417
40.4516   0.813882    0.239592
40.5177   0.812235    0.244387
40.5840   0.811397    0.247721
40.6506   0.810574    0.251057
40.7173   0.809940    0.254957
40.7843   0.809325    0.258858
40.8515   0.809846    0.262395
40.9189   0.810563    0.266481
40.9865   0.811850    0.270370
41.0544   0.814437    0.274423
41.1225   0.818300    0.276793
41.1908   0.821591    0.277510
41.2593   0.824141    0.277865
41.3281   0.826501    0.277677
41.3971   0.828493    0.276406
41.4663   0.827770    0.274231
41.5357   0.825774    0.273683
41.6054   0.823954    0.275501
41.6754   0.823596    0.278049
41.7455   0.825421    0.279857
41.8159   0.827593    0.279123
41.8865   0.827043    0.275681
41.9574   0.822497    0.272949
42.0285   0.816825    0.274232
42.0999   0.810775    0.278129
42.1715   0.807345    0.284265
42.2433   0.805458    0.291139
42.3154   0.805329    0.299257
42.3878   0.807644    0.307066
42.4603   0.813342    0.312292
42.5332   0.817984    0.314798
42.6062   0.820398    0.316310
42.6796   0.821422    0.318959
42.7532   0.823277    0.323706
42.8270   0.828065    0.329684
42.9011   0.835216    0.334045
42.9755   0.844252    0.335800
43.0501   0.853830    0.333205
43.1249   0.859961    0.327922
43.2001   0.863319    0.321434
43.2755   0.862830    0.316980
43.3511   0.863616    0.314376
43.4270   0.864736    0.311077
43.5032   0.864661    0.307635
43.5797   0.863054    0.304732
43.6564   0.862509    0.303185
43.7334   0.862121    0.300422
43.8107   0.860345    0.296974
43.8882   0.855802    0.295629
43.9660   0.852485    0.296193
44.0441   0.849866    0.297106
44.1225   0.848476    0.298182
44.2011   0.846902    0.298736
44.2801   0.843748    0.299852
44.3593   0.842775    0.303759
44.4388   0.844247    0.306190
44.5186   0.845482    0.306334
44.5986   0.845816    0.305622
44.6790   0.844202    0.304429
44.7596   0.841389    0.304853
44.8406   0.840054    0.307718
44.9218   0.839970    0.310725
45.0033   0.841597    0.311907
45.0852   0.842642    0.311520
45.1673   0.841926    0.311191
45.2497   0.840746    0.312817
45.3324   0.841330    0.314383
45.4155   0.844191    0.315687
45.4988   0.847248    0.312777
45.5824   0.846573    0.307711
45.6664   0.843154    0.304808
45.7506   0.839576    0.303129
45.8352   0.835453    0.301633
45.9201   0.829906    0.301239
46.0053   0.823986    0.301583
46.0908   0.816677    0.304894
46.1766   0.811115    0.311300
46.2628   0.808163    0.318005
46.3492   0.806979    0.325907
46.4360   0.808203    0.333456
46.5231   0.813147    0.339422
46.6106   0.819366    0.341117
46.6984   0.825505    0.339792
46.7865   0.828274    0.333223
46.8749   0.824313    0.326332
46.9637   0.815373    0.323778
47.0528   0.807410    0.326972
47.1423   0.802115    0.332247
47.2321   0.799195    0.337214
47.3222   0.795851    0.341144
47.4127   0.790634    0.346557
47.5035   0.786345    0.355442
47.5947   0.787250    0.367101
47.6862   0.792458    0.374152
47.7781   0.795436    0.377780
47.8703   0.797897    0.381628
47.9629   0.799607    0.385189
48.0559   0.800050    0.389975
48.1492   0.802014    0.395255
48.2429   0.805483    0.401002
48.3369   0.810925    0.405709
48.4313   0.817558    0.407922
48.5261   0.822925    0.408907
48.6212   0.828273    0.407475
48.7168   0.830239    0.404100
48.8127   0.830016    0.402402
48.9089   0.828804    0.402387
49.0056   0.827089    0.403826
49.1026   0.826821    0.406980
49.2001   0.826809    0.409405
49.2979   0.825833    0.412311
49.3961   0.825121    0.418120
49.4947   0.828792    0.425318
49.5937   0.834334    0.429085
49.6931   0.839128    0.432592
49.7928   0.846473    0.435336
49.8930   0.852795    0.435040
49.9936   0.858853    0.435464
50.0946   0.868332    0.434742
50.1960   0.878931    0.427223
50.2978   0.882837    0.414006
50.4001   0.879514    0.401927
50.5027   0.872900    0.392370
50.6058   0.861610    0.386486
50.7093   0.849222    0.386236
50.8132   0.838958    0.390961
50.9175   0.832024    0.397825
51.0223   0.827317    0.405528
51.1275   0.824379    0.413038
51.2331   0.821027    0.420815
51.3392   0.819735    0.431237
51.4457   0.821685    0.441775
51.5527   0.826088    0.452131
51.6601   0.833333    0.462000
51.7679   0.844416    0.470147
51.8762   0.857394    0.472361
51.9850   0.867582    0.470849
52.0942   0.876808    0.469886
52.2039   0.887708    0.466933
52.3140   0.898040    0.458777
52.4246   0.903109    0.449005
52.5357   0.906280    0.439709
52.6472   0.908222    0.429961
52.7592   0.908274    0.419477
52.8717   0.904184    0.408103
52.9847   0.898194    0.399691
53.0982   0.892139    0.392316
53.2121   0.884432    0.384993
53.3265   0.875918    0.378460
53.4415   0.864960    0.371693
53.5569   0.849687    0.366017
53.6728   0.831921    0.364818
53.7892   0.812358    0.368680
53.9062   0.794410    0.378268
54.0236   0.780516    0.392689
54.1416   0.772228    0.406616
54.2600   0.764371    0.418645
54.3790   0.753997    0.433026
54.4985   0.746970    0.453833
54.6186   0.748655    0.474852
54.7392   0.753364    0.490467
54.8603   0.756968    0.503984
54.9819   0.759788    0.519882
55.1041   0.768422    0.536164
55.2268   0.778708    0.548986
55.3501   0.791884    0.561320
55.4739   0.809052    0.567949
55.5983   0.824248    0.567790
55.7232   0.835391    0.563808
55.8487   0.841017    0.558847
55.9748   0.843371    0.554323
56.1014   0.840218    0.552238
56.2287   0.835648    0.557053
56.3564   0.836368    0.566138
56.4848   0.841208    0.572391
56.6138   0.845458    0.576019
56.7433   0.847255    0.579518
56.8735   0.848555    0.585701
57.0042   0.850703    0.593039
57.1356   0.854482    0.600949
57.2675   0.858266    0.608786
57.4001   0.862385    0.618633
57.5333   0.867958    0.631943
57.6671   0.881703    0.647611
57.8015   0.901066    0.656445
57.9365   0.921613    0.661340
58.0722   0.944857    0.659359
58.2085   0.962589    0.649290
58.3455   0.972255    0.639750
58.4831   0.980390    0.634952
58.6214   0.990294    0.630621
58.7603   1.00234    0.625040
58.8999   1.01376    0.617012
59.0401   1.02450    0.607125
59.1810   1.03349    0.595069
59.3226   1.04030    0.581565
59.4648   1.04574    0.567065
59.6078   1.04984    0.551512
59.7514   1.05395    0.531807
59.8957   1.04881    0.501998
60.0408   1.02223    0.476407
60.1865   0.986434    0.475450
60.3329   0.965228    0.491594
60.4801   0.957453    0.508641
60.6280   0.958695    0.522586
60.7766   0.966267    0.528840
60.9259   0.971044    0.526238
61.0760   0.969319    0.523048
61.2268   0.966022    0.521727
61.3783   0.961911    0.520838
61.5306   0.955547    0.520644
61.6837   0.945815    0.524944
61.8375   0.940297    0.534937
61.9921   0.938605    0.544958
62.1475   0.939519    0.555604
62.3036   0.943009    0.566803
62.4605   0.953262    0.578540
62.6183   0.971052    0.581328
62.7768   0.984298    0.569949
62.9361   0.983691    0.555561
63.0963   0.974283    0.550661
63.2572   0.969616    0.553312
63.4190   0.966779    0.552867
63.5816   0.960196    0.554054
63.7451   0.953368    0.561169
63.9094   0.951161    0.569830
64.0745   0.950795    0.577937
64.2405   0.950517    0.588627
64.4074   0.955741    0.599535
64.5751   0.962776    0.606579
64.7437   0.970231    0.614287
64.9132   0.981507    0.619965
65.0836   0.993869    0.620303
65.2548   1.00365    0.614258
65.4270   1.00251    0.607475
65.6001   0.998884    0.612183
65.7741   1.00576    0.620925
65.9490   1.01682    0.622036
66.1249   1.02499    0.618545
66.3017   1.02928    0.613534
66.4795   1.02815    0.610808
66.6582   1.02806    0.614748
66.8378   1.03398    0.618966
67.0185   1.04072    0.619761
67.2001   1.04538    0.620346
67.3827   1.05247    0.624248
67.5663   1.06661    0.625817
67.7509   1.08175    0.616593
67.9365   1.08644    0.601964
68.1232   1.08425    0.592114
68.3108   1.08082    0.587516
68.4996   1.08027    0.587353
68.6893   1.08335    0.587068
68.8801   1.08906    0.583991
69.0720   1.09466    0.576435
69.2649   1.09410    0.564848
69.4589   1.08709    0.557454
69.6540   1.08084    0.556973
69.8502   1.07993    0.557904
70.0476   1.07880    0.555709
70.2460   1.07585    0.555377
70.4456   1.07477    0.557793
70.6463   1.07830    0.559216
70.8481   1.08156    0.555678
71.0511   1.08171    0.551443
71.2553   1.08149    0.546467
71.4606   1.07704    0.542228
71.6672   1.07277    0.542057
71.8749   1.07202    0.541502
72.0838   1.06977    0.538900
72.2940   1.06528    0.537418
72.5054   1.06059    0.537439
72.7180   1.05551    0.538604
72.9319   1.04988    0.542444
73.1470   1.04752    0.548914
73.3634   1.04841    0.555126
73.5811   1.05224    0.557858
73.8001   1.05259    0.556723
74.0204   1.04959    0.557358
74.2420   1.04593    0.561223
74.4650   1.04409    0.568438
74.6893   1.04665    0.576603
74.9149   1.05137    0.582571
75.1419   1.05693    0.586604
75.3703   1.06242    0.589692
75.6001   1.06840    0.592008
75.8313   1.07327    0.594909
76.0639   1.08218    0.599255
76.2980   1.09496    0.599110
76.5334   1.10693    0.593536
76.7704   1.11579    0.584789
77.0088   1.12257    0.575466
77.2487   1.12889    0.562497
77.4901   1.12975    0.544368
77.7330   1.12002    0.527671
77.9775   1.10495    0.518574
78.2235   1.08913    0.516925
78.4710   1.07507    0.522289
78.7201   1.06640    0.533104
78.9708   1.06607    0.544523
79.2231   1.07079    0.550994
79.4770   1.07415    0.552994
79.7326   1.07712    0.554254
79.9898   1.07934    0.554045
80.2487   1.07988    0.553302
80.5092   1.07824    0.554610
80.7715   1.07865    0.558106
81.0354   1.08056    0.562673
81.3011   1.08559    0.567894
81.5685   1.09474    0.571367
81.8377   1.10394    0.570684
82.1087   1.11399    0.571818
82.3815   1.13349    0.569038
82.6561   1.15596    0.549761
82.9326   1.16493    0.516771
83.2109   1.15582    0.483641
83.4910   1.13389    0.459038
83.7731   1.10712    0.448010
84.0571   1.08491    0.446121
84.3430   1.06442    0.447193
84.6308   1.04501    0.455020
84.9207   1.03354    0.469261
85.2125   1.03530    0.481503
85.5063   1.04085    0.478934
85.8022   1.03380    0.467693
86.1001   1.01582    0.464648
86.4001   1.00051    0.472258
86.7022   0.991047    0.480805
87.0064   0.981429    0.489083
87.3128   0.974143    0.500953
87.6213   0.970867    0.512429
87.9320   0.969966    0.524245
88.2450   0.975044    0.536386
88.5601   0.986360    0.539357
88.8776   0.991128    0.533231
89.1973   0.988787    0.527920
89.5193   0.985343    0.526213
89.8436   0.982864    0.523470
90.1703   0.977469    0.517152
90.4994   0.965956    0.511928
90.8309   0.950966    0.513163
91.1648   0.939923    0.518127
91.5012   0.928341    0.521360
91.8401   0.913405    0.526601
92.1816   0.897874    0.539608
92.5255   0.889642    0.558089
92.8721   0.887327    0.574760
93.2212   0.890212    0.588624
93.5730   0.894345    0.593172
93.9274   0.888392    0.596021
94.2846   0.880199    0.607249
94.6444   0.877179    0.622450
95.0070   0.879462    0.636753
95.3725   0.886435    0.648666
95.7407   0.895207    0.650688
96.1118   0.893080    0.647759
96.4857   0.883210    0.652733
96.8626   0.874028    0.667027
97.2425   0.872357    0.690657
97.6253   0.890808    0.714520
98.0112   0.918653    0.714089
98.4001   0.928569    0.697309
98.7922   0.922088    0.688655
99.1873   0.919652    0.690478
99.5857   0.920876    0.686303
99.9872   0.914524    0.678495
100.392   0.900667    0.676166
100.800   0.886972    0.680969
101.212   0.874270    0.688003
101.626   0.861148    0.702550
102.045   0.859365    0.721463
102.466   0.863416    0.733135
102.891   0.867457    0.737212
103.320   0.862684    0.738393
103.752   0.855551    0.746303
104.188   0.852397    0.756690
104.628   0.853465    0.765116
105.071   0.855927    0.765252
105.518   0.846155    0.756953
105.969   0.817813    0.757508
106.424   0.787090    0.782630
106.883   0.775042    0.823826
107.346   0.785707    0.861008
107.812   0.804347    0.881461
108.283   0.819223    0.891699
108.758   0.831840    0.894403
109.237   0.832800    0.888569
109.721   0.818056    0.891748
110.208   0.806186    0.910459
110.700   0.803546    0.931496
111.197   0.802705    0.949913
111.697   0.799776    0.970897
112.203   0.803107    1.00049
112.713   0.823912    1.02802
113.228   0.850926    1.03299
113.747   0.859998    1.02791
114.271   0.861768    1.02696
114.800   0.857706    1.02599
115.334   0.844344    1.03098
115.873   0.830350    1.04474
116.417   0.813969    1.06515
116.966   0.797976    1.10216
117.521   0.803496    1.15309
118.080   0.833989    1.19186
118.645   0.868959    1.20834
119.216   0.896030    1.20866
119.791   0.905791    1.20061
120.373   0.899868    1.20240
120.960   0.892676    1.21321
121.553   0.878920    1.23106
122.152   0.866257    1.27098
122.757   0.878205    1.32372
123.367   0.913834    1.36349
123.984   0.952177    1.38262
124.607   0.982762    1.39098
125.237   1.00298    1.39534
125.872   1.01763    1.40768
126.514   1.04149    1.42152
127.163   1.06529    1.42262
127.819   1.07284    1.41633
128.481   1.06170    1.42696
129.150   1.05902    1.46031
129.826   1.07055    1.49969
130.510   1.09562    1.54479
131.200   1.14298    1.58095
131.898   1.19098    1.59575
132.603   1.22909    1.60769
133.316   1.27029    1.62562
134.037   1.32666    1.64135
134.765   1.39444    1.63507
135.502   1.45231    1.60537
136.246   1.49389    1.56036
136.999   1.50765    1.51096
137.760   1.50194    1.47642
138.530   1.49050    1.45622
139.308   1.47543    1.44703
140.095   1.45861    1.44967
140.891   1.44248    1.46484
141.696   1.43078    1.49604
142.511   1.43215    1.54663
143.334   1.46723    1.61052
144.168   1.54850    1.65676
145.011   1.64712    1.64317
145.864   1.70143    1.58426
146.727   1.70483    1.54092
147.600   1.70147    1.53720
148.484   1.72319    1.55351
149.379   1.77465    1.55608
150.284   1.82615    1.52671
151.200   1.85496    1.48117
152.128   1.86033    1.43765
153.067   1.84722    1.40969
154.018   1.82991    1.41264
154.980   1.84689    1.44188
155.955   1.90902    1.44027
156.942   1.95225    1.38430
157.942   1.94892    1.32714
158.954   1.92790    1.29260
159.980   1.90072    1.27426
161.018   1.87074    1.27463
162.071   1.84737    1.29914
163.137   1.85059    1.34227
164.217   1.88899    1.37851
165.312   1.94782    1.38925
166.422   2.01142    1.36595
167.546   2.05458    1.30587
168.686   2.04538    1.23596
169.841   1.99946    1.20907
171.013   1.97305    1.23286
172.200   1.99908    1.25433
173.404   2.02615    1.23016
174.626   2.01589    1.20865
175.864   2.00988    1.21475
177.120   2.02024    1.22857
178.395   2.06063    1.23215
179.687   2.09611    1.18982
180.999   2.08356    1.13940
182.330   2.04775    1.12929
183.680   2.03780    1.14658
185.051   2.04578    1.15335
186.442   2.04846    1.16112
187.855   2.07264    1.18062
189.289   2.12199    1.17083
190.745   2.14943    1.12518
192.224   2.14396    1.08654
193.725   2.13813    1.06846
195.251   2.14287    1.04206
196.800   2.12568    1.00674
198.375   2.09959    0.996625
199.974   2.09259    0.985861
201.600   2.06958    0.960821
203.253   2.03157    0.951975
204.933   1.99088    0.956865
206.640   1.95121    0.980929
208.377   1.92578    1.02011
210.143   1.91851    1.06098
211.939   1.91602    1.09367
213.766   1.90967    1.13527
215.625   1.92097    1.19211
217.516   1.96003    1.24207
219.441   2.01060    1.26828
221.400   2.05275    1.27780
223.395   2.08647    1.28854
225.426   2.12722    1.30311
227.494   2.17661    1.30524
229.600   2.21853    1.29726
231.746   2.26113    1.29139
233.932   2.31226    1.27300
236.160   2.35327    1.23445
238.431   2.37512    1.19046
240.746   2.38262    1.15146
243.106   2.38624    1.11766
245.513   2.37952    1.07522
247.968   2.34270    1.04367
250.473   2.29750    1.04570
253.029   2.25877    1.07426
255.637   2.24101    1.13364
258.300   2.27143    1.20100
261.019   2.33438    1.23180
263.796   2.38686    1.23049
266.633   2.42430    1.21953
269.531   2.44379    1.20960
272.493   2.45651    1.21921
275.520   2.48861    1.24387
278.616   2.53814    1.25624
281.782   2.58783    1.26129
285.021   2.64613    1.26411
288.335   2.71237    1.25536
291.727   2.78245    1.23452
295.200   2.85429    1.19749
298.757   2.92138    1.14124
302.400   2.97188    1.06868
306.134   3.00301    0.991005
309.960   3.01910    0.914843
313.884   3.02444    0.836189
317.908   3.00271    0.753154
322.037   2.94547    0.697002
326.274   2.88638    0.692218
330.624   2.86328    0.722073
335.092   2.88486    0.749949
339.683   2.93118    0.750210
344.401   2.97534    0.722943
349.251   3.00887    0.684311
354.241   3.03471    0.644544
359.374   3.06785    0.601399
364.659   3.09571    0.537034
370.102   3.10463    0.467688
375.710   3.10436    0.400082
381.490   3.09545    0.329839
387.451   3.07102    0.259197
393.601   3.03090    0.198456
399.949   2.98423    0.153808
406.506   2.93971    0.122121
413.281   2.89955    0.0969116
420.285   2.86054    0.0753355
427.532   2.82234    0.0598795
435.032   2.78755    0.0493265
442.801   2.75622    0.0417238
450.852   2.72788    0.0361087
459.201   2.70241    0.0320085
467.865   2.67934    0.0289251
476.862   2.65814    0.0263342
486.212   2.63886    0.0242529
495.937   2.62097    0.0225107
506.058   2.60450    0.0209253
516.601   2.58909    0.0195049
527.592   2.57455    0.0182556
539.062   2.56111    0.0171800
551.041   2.54838    0.0160886
563.564   2.53638    0.0151791
576.671   2.52511    0.0142568
590.401   2.51440    0.0135221
604.801   2.50423    0.0127784
619.921   2.49462    0.0122263
635.816   2.48558    0.0114661
652.548   2.47692    0.0109006
670.185   2.46862    0.0103296
688.801   2.46091    0.00995565
708.481   2.45338    0.00937481
729.319   2.44644    0.00899265
751.419   2.43969    0.00860766
774.901   2.43332    0.00801373
799.898   2.42715    0.00762211
826.561   2.42137    0.00743379
855.063   2.41600    0.00703643
885.601   2.41082    0.00663675
918.401   2.40583    0.00623484
953.725   2.40105    0.00603903
991.873   2.39646    0.00563330
1033.20   2.39229    0.00543413
1078.12   2.38831    0.00502447
1127.13   2.38433    0.00482316
1180.80   2.38076    0.00462037
1239.84   2.37740    0.00420628
1305.10   2.37424    0.00400128
1377.60   2.37129    0.00379540
1458.64   2.36834    0.00358902
1549.80   2.36580    0.00338152
1653.12   2.36326    0.00317358
1771.20   2.36093    0.00296493
1907.45   2.35881    0.00254365
2066.40   2.35691    0.00233357
2254.26   2.35500    0.00212315
2479.68   2.35351    0.00191204
2755.20   2.35202    0.00170067
3099.60   2.35075    0.00148889
3542.41   2.34947    0.00148970
4132.81   2.34862    0.00127735
4959.37   2.34777    0.00106484
6199.21   2.34713    0.000852106
8265.61   2.34649    0.000639254
1239.84   2.34606    0.000426246
2479.68   2.34585    0.000213143
