675   2.56042824039999983   0.272871149931054546
680   2.55699874040000008   0.269481149643197249
685   2.55356914040000005   0.261650726443075909
690   2.55074674259999989   0.255324317455173144
695   2.54995154260000012   0.245007098269240997
700   2.54915644260000018   0.242313400857410655
705   2.54836124259999997   0.247410337909928585
710   2.54866969259999987   0.255380021685255254
715   2.55162561119999998   0.270833966659478287
730   2.56094796600000008   0.226557061491313022
735   2.56749936599999984   0.267881642465123637
740   2.57405078460000025   0.270881713142405889
750   2.58715366599999985   0.283494742382438603
755   2.58700424460000011   0.24392882352979342
760   2.58406386319999992   0.179622268773513089
765   2.58112346319999997   0.132102581639850447
770   2.57818306320000001   0.0931374726973771688
775   2.57507057579999987   0.0629059912570716362
780   2.55358327579999989   0.0406561302128246663
785   2.53209605720000042   0.0241752379683011741
790   2.51060875720000043   0.0133905011370366121
795   2.4891214572   0.00733863442596729542
800   2.46770331560000011   0.0035841693184294832
805   2.45343561560000012   0.00172961634405117276
810   2.43916791560000012   0.000837950775378828918
815   2.42490021560000013   0.00040080785093547463
820   2.41063243420000006   0.000187930156802910037
825   2.39636473420000007   8.66598665135370283e-05
830   2.38751673139999987   3.8903038514667438e-05
835   2.38125973139999969   1.90038959798877636e-05
840   2.37500273139999996   9.0240852733104655e-06
845   2.36874571280000001   4.36406832831554323e-06
850   2.36248871280000028   2.07657411999150456e-06
860   2.3528721798000003   5.02324831386640169e-07
870   2.34629726119999971   1.32233884467901233e-07
880   2.33972227980000014   3.49440593052565467e-08
890   2.33411782760000008   1.10485361494393754e-08
900   2.32977972760000007   4.08232429030711552e-09
910   2.32544154619999999   1.52796703115374123e-09
920   2.3212628620000002   5.89350754269288488e-10
930   2.31796216200000016   2.3756262580611761e-10
940   2.31466136200000028   1.01731839624339527e-10
950   2.31136066200000023   4.61151447608766771e-11
960   2.30843809659999977   2.15432130969189566e-11
970   2.30574619659999991   1.04978600463414156e-11
980   2.30305429660000005   4.97550183093883105e-12
990   2.30036239659999975   2.64706501350440355e-12
1000   2.29801287780000019   1.50401421221841102e-12
1015   2.29461227780000021   5.62167089989192705e-13
1030   2.29121167780000023   2.16387060627740924e-13
1045   2.2881960915999997   9.06427189644116971e-14
1060   2.2852878915999999   3.99829048035459531e-14
1075   2.28237969159999965   1.7365793728114431e-14
1090   2.27979469379999999   6.99987312959619484e-15
1105   2.27729719379999995   3.06007209082787132e-15
1120   2.27479969379999991   1.38146490603765173e-15
1135   2.27248182160000001   6.01534065162972936e-16
1150   2.27033004019999973   3.38602141428007379e-16
1165   2.2681782401999997   2.0581121465928448e-16
1180   2.2660264402000001   1.38974096307843024e-16
1195   2.26415689360000005   7.03703580880815263e-17
1210   2.26230481220000001   3.45676578648442025e-17
1225   2.26045281220000005   1.93989981261133941e-17
1240   2.25860212839999974   1.32225926720746644e-17
1255   2.25701614699999986   7.26052913764494711e-18
1270   2.25543022839999985   4.8611490043273052e-18
1285   2.25384422839999976   3.04726011790897397e-18
1300   2.25225822839999967   2.04832411759269325e-18
1315   2.25082202600000025   1.41269906361943617e-18
1330   2.24946500739999999   9.57834236262799361e-19
1345   2.24810792599999987   7.08549848897963562e-19
1360   2.24675090740000005   4.17749894627606886e-19
1375   2.24539382599999993   2.95431363114330749e-19
1390   2.24420256779999994   2.16800863479779835e-19
1400   2.24343256780000022   1.2923381379061904e-19
