211.30547   1.8691778   1.1166449
212.89018   1.8844439   1.1146399
214.47495   1.899492    1.1124661
216.05978   1.9143281   1.1101239
217.6447    1.9289575   1.1076145
219.22966   1.9433849   1.1049396
220.8147    1.9576156   1.1021007
222.39981   1.9716543   1.0991001
223.98495   1.9855055   1.0959399
225.57016   1.9991744   1.0926225
227.15544   2.012666    1.0891502
228.7408    2.0259862   1.0855252
230.3262    2.0391405   1.0817497
231.91167   2.0521355   1.0778258
233.4972    2.0649784   1.0737551
235.0828    2.077677    1.0695391
236.66843   2.0902412   1.0651785
238.25412   2.1026812   1.0606736
239.83989   2.1150105   1.0560235
241.4257    2.1272445   1.0512265
243.0116    2.139403    1.0462788
244.59753   2.151511    1.0411747
246.18352   2.1636016   1.0359045
247.76958   2.1757214   1.0304534
249.35568   2.1879377   1.0247968
250.94185   2.200361    1.0188924
252.52805   2.2131941   1.012657
254.11433   2.2269442   1.005875
255.70065   2.2429223   0.99534595
257.28705   2.253454    0.9820483
258.87347   2.2619283   0.9699712
260.45996   2.2692776   0.95866734
262.0465    2.275837    0.94796604
263.63312   2.281786    0.93777066
265.21976   2.2872393   0.9280166
266.80646   2.2922766   0.91865647
268.3932    2.2969568   0.90965366
269.97998   2.3013258   0.9009784
271.56683   2.30542 0.8926061
273.15375   2.3092692   0.8845155
274.74066   2.3128982   0.87668884
276.32767   2.316328    0.8691099
277.91473   2.3195767   0.8617645
279.5018    2.32266 0.8546401
281.08893   2.3255916   0.8477252
282.67615   2.3283834   0.8410092
284.26337   2.331046    0.83448285
285.85065   2.3335893   0.8281373
287.438 2.3360217   0.8219644
289.02533   2.338351    0.8159568
290.61276   2.3405838   0.8101073
292.20023   2.342727    0.8044097
293.78775   2.3447862   0.7988577
295.3753    2.3467665   0.79344577
296.9629    2.348673    0.78816855
298.5505    2.3505101   0.78302103
300.1382    2.352282    0.7779984
301.72592   2.3539925   0.7730962
303.31366   2.355645    0.7683103
304.9015    2.357243    0.7636366
306.48932   2.3587892   0.7590713
308.0772    2.3602867   0.7546108
309.66513   2.3617382   0.75025165
311.2531    2.363146    0.7459906
312.84113   2.3645124   0.7418244
314.42914   2.3658397   0.7377503
316.01724   2.3671298   0.7337653
317.60538   2.3683846   0.7298667
319.1935    2.3696058   0.726052
320.7817    2.370795    0.7223186
322.36993   2.3719542   0.7186641
323.9582    2.3730845   0.71508634
325.5465    2.3741875   0.711583
327.13486   2.3752644   0.70815206
328.7232    2.3763165   0.7047915
330.3116    2.3773448   0.70149934
331.9001    2.3783507   0.69827366
333.48856   2.3793352   0.69511276
335.07706   2.3802989   0.6920149
336.6656    2.3812432   0.68897825
338.25418   2.3821688   0.6860014
339.84277   2.3830767   0.68308276
341.43143   2.3839674   0.6802208
343.02008   2.384842    0.6774141
344.6088    2.385701    0.6746612
346.1975    2.3865452   0.6719609
347.7863    2.387375    0.66931176
349.37506   2.3881915   0.6667126
350.9639    2.388995    0.66416216
352.55273   2.389786    0.6616593
354.1416    2.3905654   0.65920293
355.73053   2.391333    0.6567918
357.31943   2.39209 0.654425
358.9084    2.3928368   0.65210146
360.49738   2.3935733   0.64982015
362.0864    2.3943005   0.6475801
363.6754    2.3950186   0.64538044
365.26447   2.3957279   0.6432202
366.85358   2.3964288   0.6410985
368.4427    2.3971217   0.6390145
370.0318    2.397807    0.6369673
371.62097   2.398485    0.6349562
373.21014   2.3991559   0.6329804
374.79938   2.39982 0.6310391
376.38858   2.4004776   0.62913156
377.97784   2.4011292   0.6272571
379.56708   2.401775    0.625415
381.15637   2.4024148   0.62360466
382.7457    2.4030495   0.6218252
384.33502   2.4036787   0.6200763
385.92438   2.404303    0.61835706
387.51373   2.4049227   0.616667
389.10312   2.4055376   0.6150055
390.69254   2.4061482   0.61337197
392.28195   2.4067547   0.6117659
393.8714    2.4073572   0.61018676
395.46088   2.407956    0.60863394
397.05035   2.4085507   0.6071069
398.63983   2.4091423   0.60560536
400.2293    2.4097302   0.6041286
401.81885   2.410315    0.60267615
403.4084    2.410897    0.60124767
404.99796   2.4114757   0.5998426
406.58752   2.4120517   0.5984606
408.1771    2.412625    0.59710115
409.7667    2.4131958   0.59576386
411.3563    2.4137642   0.5944483
412.9459    2.4143302   0.59315413
414.53555   2.4148939   0.5918809
416.12518   2.4154556   0.5906282
417.71484   2.4160151   0.58939576
419.3045    2.4165728   0.58818316
420.8942    2.4171286   0.58699
422.4839    2.4176826   0.58581597
424.07358   2.418235    0.5846607
425.66327   2.4187858   0.583524
427.253 2.4193351   0.5824054
428.8427    2.419883    0.58130455
430.43243   2.4204295   0.5802213
432.02216   2.4209745   0.5791552
433.6119    2.4215186   0.5781061
435.20166   2.4220614   0.5770736
436.7914    2.4226031   0.5760574
438.3812    2.4231436   0.57505727
439.97095   2.4236834   0.57407296
441.56073   2.4242222   0.5731042
443.15048   2.42476 0.5721507
444.7403    2.425297    0.57121223
446.33008   2.4258335   0.57028854
447.91986   2.426369    0.5693793
449.5096    2.426904    0.5684845
451.09943   2.4274383   0.5676037
452.6892    2.4279718   0.56673676
454.279 2.428505    0.5658834
455.8688    2.4290378   0.56504345
457.4586    2.42957 0.5642167
459.04843   2.4301016   0.56340283
460.63824   2.430633    0.5626018
462.22803   2.4311643   0.56181335
463.8178    2.431695    0.56103724
465.40762   2.4322255   0.56027335
466.9974    2.4327557   0.55952144
468.58716   2.4332857   0.5587814
470.17694   2.4338155   0.5580529
471.76675   2.434345    0.55733585
473.35654   2.4348745   0.5566301
474.9463    2.435404    0.5559354
476.53607   2.4359334   0.55525166
478.12582   2.4364626   0.5545787
479.71564   2.436992    0.55391634
481.30536   2.437521    0.5532645
482.8951    2.4380503   0.55262285
484.48486   2.4385796   0.5519914
486.07462   2.4391088   0.55136997
487.6643    2.4396384   0.55075836
489.25406   2.4401677   0.5501564
490.84375   2.4406974   0.5495641
492.43344   2.441227    0.5489812
494.02313   2.441757    0.54840755
495.61285   2.442287    0.5478431
497.20248   2.4428172   0.54728764
498.79218   2.4433477   0.5467411
500.38184   2.4438782   0.5462033
501.9715    2.4444091   0.5456742
503.5611    2.44494 0.5451536
505.15073   2.4454715   0.54464144
506.74033   2.4460032   0.54413754
508.32993   2.446535    0.5436418
509.91953   2.4470673   0.5431541
511.5091    2.4475996   0.5426744
513.09863   2.4481325   0.54220253
514.6882    2.4486656   0.5417384
516.2777    2.449199    0.5412819
517.8672    2.4497328   0.5408329
519.45667   2.450267    0.54039127
521.04614   2.4508016   0.53995705
522.6356    2.4513364   0.53953004
524.22504   2.4518716   0.5391101
525.8145    2.4524074   0.53869724
527.40393   2.4529433   0.5382913
528.9933    2.45348 0.5378922
530.58264   2.4540167   0.5374999
532.172 2.454554    0.53711426
533.76135   2.455092    0.5367351
535.35065   2.45563 0.5363625
536.93994   2.4561687   0.5359964
538.5292    2.4567077   0.5356365
540.1184    2.4572473   0.5352829
541.70764   2.4577873   0.5349355
543.2969    2.4583278   0.53459406
544.88605   2.4588685   0.5342587
546.4752    2.45941 0.5339293
548.06433   2.4599519   0.53360575
549.65344   2.4604943   0.53328794
551.24255   2.4610372   0.53297585
552.8316    2.4615805   0.53266937
554.4206    2.4621243   0.5323685
556.00964   2.4626687   0.5320731
557.5986    2.4632137   0.53178316
559.18756   2.463759    0.5314985
560.7765    2.464305    0.5312192
562.36536   2.4648514   0.5309451
563.9542    2.4653983   0.5306762
565.5431    2.4659457   0.5304123
567.13196   2.4664938   0.5301536
568.7207    2.4670422   0.5298997
570.30945   2.4675913   0.5296508
571.8982    2.468141    0.5294068
573.48694   2.468691    0.52916753
575.07556   2.4692419   0.528933
576.6642    2.469793    0.52870315
578.2528    2.470345    0.52847797
579.84143   2.4708972   0.5282573
581.42993   2.47145 0.5280412
583.01843   2.4720037   0.5278295
584.60693   2.4725575   0.5276222
586.1954    2.473112    0.5274193
587.78375   2.4736671   0.5272207
589.37213   2.474223    0.5270264
590.96045   2.4747791   0.5268363
592.54877   2.475336    0.52665025
594.1371    2.4758933   0.5264684
595.7252    2.4764514   0.5262906
597.3135    2.4770098   0.5261168
598.9016    2.4775689   0.5259469
600.48975   2.4781284   0.525781
602.0778    2.4786887   0.525619
603.6659    2.4792495   0.5254607
605.25385   2.479811    0.5253063
606.84186   2.480373    0.5251556
608.42975   2.4809353   0.5250086
610.01764   2.4814985   0.52486527
611.60547   2.482062    0.52472556
613.19324   2.4826262   0.5245894
614.78107   2.483191    0.52445686
616.3688    2.4837565   0.52432775
617.9564    2.4843225   0.52420205
619.54407   2.484889    0.52407986
621.1317    2.4854562   0.523961
622.71924   2.486024    0.5238455
624.30676   2.486592    0.52373326
625.89417   2.487161    0.5236243
627.48157   2.4877305   0.5235186
629.069 2.4883003   0.5234161
630.6563    2.488871    0.52331674
632.2435    2.489442    0.52322054
633.8308    2.490014    0.52312744
635.418 2.4905863   0.5230373
637.0051    2.4911592   0.5229503
638.5922    2.4917328   0.52286625
640.17926   2.4923067   0.5227851
641.76624   2.4928815   0.522707
643.3532    2.4934566   0.5226317
644.94006   2.4940324   0.5225593
646.527 2.4946089   0.5224897
648.1138    2.4951859   0.5224229
649.7005    2.4957633   0.52235895
651.28723   2.4963415   0.5222977
652.87384   2.4969203   0.52223915
654.4604    2.4974995   0.5221833
656.047 2.4980793   0.5221301
657.6334    2.4986598   0.5220795
659.21985   2.4992409   0.52203155
660.8063    2.4998224   0.5219861
662.3926    2.5004046   0.5219433
663.9789    2.5009873   0.521903
665.56506   2.5015707   0.5218651
667.15125   2.5021546   0.5218297
668.73737   2.502739    0.5217968
670.32336   2.503324    0.5217663
671.90936   2.5039098   0.5217382
673.4953    2.5044959   0.5217124
675.0812    2.5050826   0.521689
676.667 2.50567 0.52166784
678.2528    2.506258    0.52164906
679.8385    2.5068464   0.5216325
681.42413   2.5074353   0.5216182
683.0097    2.508025    0.5216061
684.5952    2.5086153   0.52159625
686.1807    2.509206    0.5215885
687.7661    2.5097973   0.52158296
689.35144   2.510389    0.52157956
690.9367    2.5109816   0.52157825
692.5219    2.5115745   0.521579
694.10706   2.5121682   0.5215819
695.6922    2.5127623   0.5215868
697.2772    2.5133572   0.5215937
698.8622    2.5139523   0.52160263
700.4471    2.514548    0.52161354
702.0319    2.5151446   0.5216264
703.6167    2.5157416   0.5216412
705.20135   2.516339    0.52165794
706.786 2.516937    0.5216766
708.3706    2.5175357   0.52169716
709.95514   2.5181348   0.5217196
711.53955   2.5187347   0.5217438
713.1239    2.519335    0.5217699
714.7082    2.5199358   0.5217978
716.2925    2.5205371   0.52182746
717.8766    2.5211391   0.52185893
719.46075   2.5217416   0.5218922
721.0448    2.5223448   0.5219271
722.6287    2.5229483   0.52196383
724.2126    2.5235524   0.5220022
725.79645   2.5241573   0.52204233
727.3802    2.5247626   0.52208406
728.9638    2.5253682   0.5221275
730.5474    2.5259748   0.5221726
732.131 2.5265815   0.52221924
733.7144    2.527189    0.5222675
735.2978    2.527797    0.5223174
736.8811    2.5284057   0.52236885
738.46436   2.5290146   0.5224219
740.0475    2.5296242   0.52247643
741.63055   2.5302346   0.5225325
743.21356   2.5308452   0.52259016
744.7965    2.5314565   0.5226493
746.3794    2.5320683   0.5227099
747.96216   2.5326805   0.52277195
749.54486   2.5332935   0.5228355
751.1275    2.533907    0.52290046
752.71  2.5345209   0.52296686
754.2925    2.5351353   0.5230347
755.8749    2.5357504   0.5231039
757.45715   2.5363657   0.5231745
759.0394    2.5369818   0.5232465
760.6215    2.5375986   0.5233199
762.2036    2.5382156   0.5233946
763.7856    2.5388334   0.5234706
765.36755   2.5394516   0.52354795
766.94934   2.5400703   0.5236266
768.53107   2.5406895   0.5237066
770.11273   2.5413094   0.52378786
771.6943    2.5419297   0.52387035
773.27576   2.5425503   0.52395415
774.8572    2.543172    0.52403915
776.43854   2.5437937   0.52412546
778.0198    2.5444162   0.52421296
779.6009    2.545039    0.52430165
781.182 2.5456624   0.52439153
782.76294   2.5462863   0.5244826
784.3439    2.546911    0.5245749
785.9247    2.547536    0.52466834
787.5054    2.5481615   0.5247629
789.086 2.5487874   0.52485865
790.66656   2.549414    0.5249556
792.24695   2.5500412   0.52505356
793.82733   2.5506687   0.5251526
795.4076    2.5512967   0.5252529
796.9878    2.5519254   0.52535415
798.5679    2.5525544   0.52545655
800.1479    2.553184    0.52556
801.7278    2.5538142   0.5256645
803.3076    2.554445    0.52577007
804.8873    2.5550761   0.5258767
806.467 2.5557077   0.52598435
808.0465    2.55634 0.526093
809.626 2.5569725   0.5262026
811.2053    2.5576057   0.5263133
812.78455   2.5582395   0.526425
814.3638    2.5588737   0.5265376
815.9428    2.5595083   0.52665126
817.5218    2.5601435   0.5267658
819.1007    2.5607793   0.52688134
820.6795    2.5614154   0.52699786
822.2581    2.562052    0.5271153
823.83673   2.5626893   0.5272336
825.4152    2.563327    0.52735287
826.99365   2.5639653   0.52747303
828.5719    2.5646038   0.52759415
830.1501    2.565243    0.5277161
831.7282    2.5658827   0.52783895
833.30615   2.5665228   0.5279627
834.8841    2.5671637   0.5280873
836.4619    2.5678048   0.5282128
838.03955   2.5684464   0.5283391
839.6172    2.5690885   0.5284662
841.19464   2.5697312   0.52859426
842.7721    2.5703743   0.52872306
844.3493    2.571018    0.5288527
845.92645   2.571662    0.5289832
847.5036    2.5723066   0.5291144
849.08057   2.5729516   0.5292465
850.6574    2.5735972   0.5293793
852.2342    2.574243    0.52951294
853.81085   2.5748897   0.52964735
855.3874    2.5755367   0.52978253
856.96387   2.5761843   0.5299185
858.54016   2.576832    0.53005517
860.1164    2.5774806   0.53019255
861.69257   2.5781295   0.5303308
863.26855   2.5787787   0.53046966
864.8444    2.5794287   0.53060925
866.4203    2.580079    0.5307496
867.996 2.58073 0.5308907
869.5716    2.5813813   0.53103244
871.147 2.582033    0.5311749
872.72235   2.5826852   0.53131807
874.29767   2.583338    0.5314619
875.87274   2.583991    0.5316064
877.44775   2.5846448   0.5317516
879.02277   2.585299    0.5318974
880.59753   2.5859535   0.53204393
882.1722    2.5866086   0.5321911
883.74677   2.587264    0.53233886
885.3213    2.5879202   0.53248733
886.8956    2.5885766   0.5326364
888.46985   2.5892336   0.53278613
890.04395   2.589891    0.53293645
891.618 2.590549    0.5330874
893.1918    2.5912073   0.53323895
894.7656    2.591866    0.53339106
896.33923   2.5925252   0.5335438
897.9128    2.593185    0.5336972
899.4862    2.5938451   0.53385115
901.0596    2.5945058   0.53400564
902.6327    2.595167    0.53416073
904.20575   2.5958285   0.53431636
905.7787    2.5964906   0.5344726
907.35156   2.597153    0.5346294
908.9242    2.597816    0.5347867
910.4969    2.5984793   0.5349446
912.06934   2.5991433   0.535103
913.6417    2.5998075   0.535262
915.21387   2.6004722   0.5354215
916.78595   2.6011374   0.5355815
918.3579    2.601803    0.5357421
919.9298    2.6024692   0.53590316
921.5016    2.6031358   0.53606474
923.0731    2.6038027   0.5362268
924.64465   2.6044703   0.5363894
926.216 2.605138    0.5365525
927.78723   2.6058064   0.53671604
929.3583    2.6064754   0.5368801
930.9293    2.6071446   0.53704464
932.5001    2.607814    0.5372097
934.0709    2.6084843   0.53737515
935.6415    2.609155    0.53754115
937.2119    2.6098258   0.53770757
938.78235   2.6104975   0.53787446
940.35254   2.6111693   0.5380418
941.92255   2.6118417   0.53820956
943.49255   2.6125145   0.5383778
945.0624    2.6131876   0.5385465
946.632 2.6138613   0.5387156
948.20166   2.6145353   0.5388851
949.7711    2.6152098   0.5390551
951.34033   2.6158848   0.5392255
952.90955   2.6165602   0.53939635
954.4785    2.6172361   0.53956753
956.0475    2.6179123   0.5397392
957.6162    2.6185892   0.5399112
959.1849    2.6192663   0.5400837
960.7534    2.6199439   0.54025656
962.3218    2.6206217   0.5404298
963.88995   2.6213002   0.5406034
965.4581    2.621979    0.54077744
967.02606   2.6226585   0.54095185
968.5939    2.623338    0.5411266
970.1615    2.6240182   0.5413017
971.7291    2.6246989   0.54147726
973.2965    2.6253798   0.54165316
974.8638    2.6260612   0.5418294
976.43097   2.626743    0.542006
977.9979    2.6274254   0.54218304
979.5648    2.628108    0.54236037
981.13153   2.628791    0.542538
982.6981    2.6294746   0.542716
984.2645    2.6301587   0.54289436
985.8309    2.6308432   0.54307306
987.397 2.631528    0.54325205
988.963 2.632213    0.54343146
990.52893   2.6328988   0.5436111
992.0946    2.6335847   0.5437911
993.6603    2.6342714   0.5439715
995.2257    2.6349583   0.5441521
996.7909    2.6356454   0.54433304
998.35614   2.6363332   0.5445143
999.9211    2.6370213   0.54469585
1011.76337  2.6422439   0.5460799
1015.2489   2.6437862   0.54649055
1018.7332   2.6453302   0.5469025
1022.2163   2.6468763   0.5473157
1025.698    2.648424    0.5477301
1029.1786   2.6499734   0.5481457
1032.658    2.6515245   0.54856247
1036.136    2.6530776   0.54898036
1039.6129   2.6546326   0.5493994
1043.0886   2.656189    0.5498194
1046.5632   2.6577475   0.5502406
1050.0367   2.6593077   0.5506627
1053.509    2.6608696   0.5510858
1056.9802   2.6624334   0.5515099
1060.4503   2.6639988   0.55193496
1063.9193   2.6655662   0.5523609
1067.3873   2.6671352   0.5527877
1070.8542   2.6687062   0.55321544
1074.3201   2.6702788   0.55364394
1077.7849   2.6718533   0.55407333
1081.2488   2.6734297   0.5545035
1084.7115   2.6750078   0.5549344
1088.1735   2.6765876   0.5553661
1091.6343   2.6781693   0.5557985
1095.0942   2.6797528   0.5562316
1098.5532   2.681338    0.5566654
1102.0114   2.6829252   0.5570999
1105.4685   2.684514    0.557535
1108.9247   2.6861045   0.5579707
1112.3801   2.6876972   0.55840707
1115.8347   2.6892915   0.55884403
1119.2883   2.6908875   0.5592815
1122.7413   2.6924856   0.5597196
1126.1934   2.6940851   0.5601582
1129.6447   2.6956868   0.5605973
1133.095    2.6972902   0.5610369
1136.5447   2.6988952   0.561477
1139.9938   2.7005024   0.5619176
1143.4419   2.702111    0.56235856
1146.8894   2.7037218   0.56280005
1150.3362   2.7053342   0.5632419
1153.7822   2.7069485   0.56368417
1157.2277   2.7085648   0.56412685
1160.6724   2.7101827   0.56456983
1164.1165   2.7118025   0.56501323
1167.5598   2.7134242   0.565457
1171.0027   2.7150476   0.56590104
1174.4448   2.716673    0.5663454
1177.8865   2.7183      0.5667901
1181.3275   2.7199292   0.56723505
1184.768    2.7215602   0.5676803
1188.2079   2.723193    0.56812584
1191.6472   2.7248275   0.5685716
1195.0862   2.726464    0.5690176
1198.5245   2.7281022   0.56946385
1201.9624   2.7297425   0.5699103
1205.3999   2.7313848   0.57035697
1208.8368   2.7330287   0.5708038
1212.2733   2.7346745   0.5712508
1215.7095   2.7363222   0.571698
1219.1451   2.7379718   0.5721454
1222.5803   2.7396233   0.5725929
1226.0154   2.7412767   0.57304054
1229.4498   2.7429318   0.5734883
1232.884    2.744589    0.5739362
1236.3179   2.7462482   0.5743842
1239.7513   2.747909    0.5748323
1243.1846   2.749572    0.5752805
1246.6174   2.751237    0.5757288
1250.05     2.7529035   0.5761771
1253.4825   2.7545722   0.5766255
1256.9147   2.7562428   0.577074
1260.3464   2.7579153   0.5775225
1263.7781   2.7595897   0.57797104
1267.2097   2.761266    0.5784196
1270.6409   2.7629442   0.5788682
1274.072    2.7646246   0.57931685
1277.5029   2.7663066   0.57976544
1280.9338   2.7679908   0.580214
1284.3645   2.769677    0.5806626
1287.795    2.771365    0.5811112
1291.2255   2.7730548   0.5815598
1294.6559   2.774747    0.5820083
1298.0862   2.7764409   0.58245677
1301.5164   2.7781367   0.5829052
1304.9465   2.7798347   0.5833536
1308.3768   2.7815347   0.58380187
1311.807    2.7832365   0.58425015
1315.2372   2.7849402   0.5846983
1318.6674   2.7866461   0.5851464
1322.0977   2.7883542   0.5855944
1325.528    2.7900639   0.58604234
1328.9583   2.7917757   0.58649015
1332.3887   2.7934897   0.58693784
1335.8192   2.7952056   0.5873855
1339.2499   2.7969236   0.587833
1342.6807   2.7986436   0.5882804
1346.1116   2.8003654   0.5887276
1349.5426   2.8020897   0.5891747
1352.9739   2.8038156   0.5896217
1356.4053   2.805544    0.5900685
1359.8369   2.807274    0.59051526
1363.2688   2.8090065   0.59096175
1366.7008   2.8107407   0.59140813
1370.133    2.812477    0.5918544
1373.5657   2.8142154   0.5923004
1376.9984   2.815956    0.5927463
1380.4316   2.8176987   0.59319204
1383.865    2.8194435   0.5936376
1387.2987   2.8211904   0.5940829
1390.7328   2.8229392   0.5945281
1394.1672   2.8246903   0.594973
1397.602    2.8264434   0.5954178
1401.0372   2.8281987   0.5958624
1404.4729   2.829956    0.59630674
1407.9088   2.8317156   0.5967509
1411.3452   2.8334773   0.59719485
1414.782    2.8352408   0.59763855
1418.2194   2.8370068   0.59808207
1421.657    2.838775    0.59852535
1425.0953   2.8405452   0.59896845
1428.534    2.8423176   0.59941125
1431.9733   2.8440921   0.5998539
1435.4131   2.8458688   0.6002962
1438.8534   2.8476477   0.60073835
1442.2942   2.849429    0.6011802
1445.7357   2.8512123   0.60162187
1449.1777   2.8529975   0.60206324
1452.6204   2.8547852   0.6025044
1456.0637   2.8565753   0.60294527
1459.5076   2.8583672   0.60338587
1462.952    2.8601615   0.6038262
1466.3972   2.861958    0.6042663
1469.8431   2.863757    0.6047061
1473.2898   2.865558    0.6051457
1476.737    2.8673613   0.605585
1480.1849   2.8691666   0.60602397
1483.6337   2.8709745   0.6064627
1487.0833   2.8727846   0.60690117
1490.5334   2.8745968   0.6073393
1493.9845   2.8764114   0.60777724
1497.4363   2.8782282   0.60821486
1500.8889   2.8800473   0.6086521
1504.3425   2.8818688   0.6090892
1507.7968   2.8836925   0.6095259
1511.252    2.8855186   0.60996234
1514.708    2.887347    0.6103985
1518.1649   2.8891778   0.6108343
1521.6228   2.8910108   0.61126983
1525.0814   2.892846    0.61170506
1528.5411   2.8946836   0.61214
1532.0017   2.8965237   0.61257464
1535.4633   2.898366    0.6130089
1538.9259   2.9002109   0.6134429
1542.3894   2.902058    0.6138766
1545.854    2.9039075   0.61430997
1549.3196   2.9057593   0.61474305
1552.7861   2.9076135   0.6151758
1556.2538   2.90947     0.61560816
1559.7225   2.9113293   0.6160403
1563.1923   2.9131906   0.61647207
1566.6632   2.9150546   0.6169035
1570.1353   2.916921    0.6173346
1573.6084   2.9187896   0.6177654
1577.0826   2.9206607   0.6181959
1580.558    2.9225342   0.618626
1584.0347   2.9244103   0.6190558
1587.5125   2.9262888   0.6194853
1590.9915   2.9281697   0.6199144
1594.4716   2.9300532   0.6203432
1597.953    2.9319391   0.6207717
1601.4357   2.9338274   0.62119985
1604.9197   2.9357185   0.6216276
1608.4048   2.9376118   0.62205505
1611.8914   2.9395077   0.6224822
1615.3792   2.941406    0.62290895
1618.8682   2.943307    0.62333536
1622.3586   2.9452105   0.6237614
1625.8505   2.9471166   0.6241872
1629.3436   2.9490252   0.6246125
1632.8381   2.950936    0.62503755
1636.3341   2.9528499   0.62546223
1639.8314   2.954766    0.62588656
1643.3303   2.9566848   0.6263106
1646.8304   2.9586062   0.6267342
1650.332    2.9605303   0.62715745
1653.8352   2.9624567   0.6275804
1657.3398   2.964386    0.628003
1660.846    2.9663177   0.6284252
1664.3535   2.9682522   0.62884706
1667.8627   2.970189    0.6292686
1671.3733   2.9721289   0.6296897
1674.8855   2.9740713   0.6301105
1678.3994   2.976016    0.6305309
1681.9148   2.9779637   0.630951
1685.4319   2.9799142   0.63137066
1688.9504   2.981867    0.63179004
