  2.0000000000000000e+002  2.8665064062575523e+000  1.3662244334665852e+000
  2.0100000000000000e+002  2.8708513688209325e+000  1.3725838214501860e+000
  2.0200000000000000e+002  2.8749127894619377e+000  1.3782438337247700e+000
  2.0300000000000000e+002  2.8785634399377984e+000  1.3830855310944803e+000
  2.0400000000000000e+002  2.8818566891201400e+000  1.3869899743634595e+000
  2.0500000000000000e+002  2.8853476262862339e+000  1.3898382243358507e+000
  2.0600000000000000e+002  2.8886128425205055e+000  1.3916973553079524e+000
  2.0700000000000000e+002  2.8911059847360363e+000  1.3929813561847799e+000
  2.0800000000000000e+002  2.8922806998459092e+000  1.3939922608238196e+000
  2.0900000000000000e+002  2.8923100000000002e+000  1.3950299419358159e+000
  2.1000000000000000e+002  2.8923100000000002e+000  1.3963942722315144e+000
  2.1100000000000000e+002  2.8923100000000002e+000  1.3984088059701945e+000
  2.1200000000000000e+002  2.8923100000000002e+000  1.4020056473683260e+000
  2.1300000000000000e+002  2.8923100000000002e+000  1.4072294886195233e+000
  2.1400000000000000e+002  2.8916896547713655e+000  1.4136511477055944e+000
  2.1500000000000000e+002  2.8896322281158224e+000  1.4208414426083469e+000
  2.1600000000000000e+002  2.8864778544760403e+000  1.4283711913095887e+000
  2.1700000000000000e+002  2.8825829045880922e+000  1.4358112117911279e+000
  2.1800000000000000e+002  2.8783037491880505e+000  1.4434419376979679e+000
  2.1900000000000000e+002  2.8739967590119879e+000  1.4518273670453732e+000
  2.2000000000000000e+002  2.8700183047959773e+000  1.4607640716818819e+000
  2.2100000000000000e+002  2.8666743289901326e+000  1.4700469950242632e+000
  2.2200000000000000e+002  2.8635227467694557e+000  1.4794710804892854e+000
  2.2300000000000000e+002  2.8603761908251348e+000  1.4888312714937173e+000
  2.2400000000000000e+002  2.8572434645945108e+000  1.4979256135795160e+000
  2.2500000000000000e+002  2.8541333715149237e+000  1.5070566995817551e+000
  2.2600000000000000e+002  2.8510547150237131e+000  1.5164088065471981e+000
  2.2700000000000000e+002  2.8480162985582202e+000  1.5258058848623877e+000
  2.2800000000000000e+002  2.8450269255557843e+000  1.5350718849138656e+000
  2.2900000000000000e+002  2.8420953994537461e+000  1.5440307570881751e+000
  2.3000000000000000e+002  2.8392305236894462e+000  1.5525064517718576e+000
  2.3100000000000000e+002  2.8364379646916849e+000  1.5603527000208737e+000
  2.3200000000000000e+002  2.8336084760053146e+000  1.5679337056973111e+000
  2.3300000000000000e+002  2.8307404473230369e+000  1.5753560275397402e+000
  2.3400000000000000e+002  2.8279109636784985e+000  1.5825508927584673e+000
  2.3500000000000000e+002  2.8251971101053472e+000  1.5894495285637984e+000
  2.3600000000000000e+002  2.8226759716372305e+000  1.5959831621660396e+000
  2.3700000000000000e+002  2.8204246333077956e+000  1.6020830207754970e+000
  2.3800000000000000e+002  2.8185201801506898e+000  1.6076803316024766e+000
  2.3900000000000000e+002  2.8168090445805869e+000  1.6127208711484089e+000
  2.4000000000000000e+002  2.8150829473025385e+000  1.6175078125679079e+000
  2.4100000000000000e+002  2.8133868061575242e+000  1.6221589840971051e+000
  2.4200000000000000e+002  2.8117658438060698e+000  1.6266376748792024e+000
  2.4300000000000000e+002  2.8102652829087034e+000  1.6309071740574004e+000
  2.4400000000000000e+002  2.8089303461259525e+000  1.6349307707749003e+000
  2.4500000000000000e+002  2.8078062561183432e+000  1.6386717541749030e+000
  2.4600000000000000e+002  2.8069382355464043e+000  1.6420934134006091e+000
  2.4700000000000000e+002  2.8063715070706619e+000  1.6451590375952201e+000
  2.4800000000000000e+002  2.8061512933516441e+000  1.6478319159019368e+000
  2.4900000000000000e+002  2.8061500000000001e+000  1.6500759553987046e+000
  2.5000000000000000e+002  2.8061500000000001e+000  1.6519523045893816e+000
  2.5100000000000000e+002  2.8061500000000001e+000  1.6535607858025181e+000
  2.5200000000000000e+002  2.8061500000000001e+000  1.6549590475527591e+000
  2.5300000000000000e+002  2.8061500000000001e+000  1.6562047383547489e+000
  2.5400000000000000e+002  2.8061500000000001e+000  1.6573555067231323e+000
  2.5500000000000000e+002  2.8061500000000001e+000  1.6584690011725542e+000
  2.5600000000000000e+002  2.8061500000000001e+000  1.6596028702176593e+000
  2.5700000000000000e+002  2.8061500000000001e+000  1.6608147623730922e+000
  2.5800000000000000e+002  2.8061500000000001e+000  1.6621623261534977e+000
  2.5900000000000000e+002  2.8061500000000001e+000  1.6637032100735205e+000
  2.6000000000000000e+002  2.8061500000000001e+000  1.6654952324087551e+000
  2.6100000000000000e+002  2.8061500000000001e+000  1.6676275595747121e+000
  2.6200000000000000e+002  2.8061500000000001e+000  1.6701021809090550e+000
  2.6300000000000000e+002  2.8064332978687547e+000  1.6728620726873091e+000
  2.6400000000000000e+002  2.8077521268983716e+000  1.6758502111849980e+000
  2.6500000000000000e+002  2.8099234762146796e+000  1.6790095726776462e+000
  2.6600000000000000e+002  2.8126993345201687e+000  1.6822831334407780e+000
  2.6700000000000000e+002  2.8158316905173280e+000  1.6856138697499177e+000
  2.6800000000000000e+002  2.8190725329086477e+000  1.6889447578805898e+000
  2.6900000000000000e+002  2.8221738503966174e+000  1.6922187741083186e+000
  2.7000000000000000e+002  2.8248906981951065e+000  1.6953788947086279e+000
  2.7100000000000000e+002  2.8273450063643928e+000  1.6984144306978495e+000
  2.7200000000000000e+002  2.8297423438505303e+000  1.7014059590406720e+000
  2.7300000000000000e+002  2.8321179135038066e+000  1.7043721660728499e+000
  2.7400000000000000e+002  2.8345069181745077e+000  1.7073290310721632e+000
  2.7500000000000000e+002  2.8369445607129204e+000  1.7102925333163930e+000
  2.7600000000000000e+002  2.8394660439693311e+000  1.7132786520833199e+000
  2.7700000000000000e+002  2.8421065707940270e+000  1.7163033666507244e+000
  2.7800000000000000e+002  2.8449013440372943e+000  1.7193826562963876e+000
  2.7900000000000000e+002  2.8478855665494200e+000  1.7225325002980896e+000
  2.8000000000000000e+002  2.8511109929094856e+000  1.7257688779336118e+000
  2.8100000000000000e+002  2.8546547110213503e+000  1.7291077684807343e+000
  2.8200000000000000e+002  2.8584822772241258e+000  1.7325651512172380e+000
  2.8300000000000000e+002  2.8625474791676453e+000  1.7361512722601382e+000
  2.8400000000000000e+002  2.8668041045017394e+000  1.7398447036484532e+000
  2.8500000000000000e+002  2.8712059408762407e+000  1.7436438430891545e+000
  2.8600000000000000e+002  2.8757067759409809e+000  1.7475516695534372e+000
  2.8700000000000000e+002  2.8802603973457916e+000  1.7515711620124967e+000
  2.8800000000000000e+002  2.8848205927405055e+000  1.7557052994375280e+000
  2.8900000000000000e+002  2.8893411497749533e+000  1.7599570607997257e+000
  2.9000000000000000e+002  2.8937964051979264e+000  1.7643294250702857e+000
  2.9100000000000000e+002  2.8984033065151915e+000  1.7688253712204025e+000
  2.9200000000000000e+002  2.9031854159803050e+000  1.7734478782212715e+000
  2.9300000000000000e+002  2.9080831079300014e+000  1.7781999250440876e+000
  2.9400000000000000e+002  2.9130367567010174e+000  1.7831216948661506e+000
  2.9500000000000000e+002  2.9179867366300889e+000  1.7883425260202408e+000
  2.9600000000000000e+002  2.9228734220539510e+000  1.7938325479268504e+000
  2.9700000000000000e+002  2.9276371873093403e+000  1.7995454035167804e+000
  2.9800000000000000e+002  2.9322184067329919e+000  1.8054347357208307e+000
  2.9900000000000000e+002  2.9365574546616431e+000  1.8114541874698025e+000
  3.0000000000000000e+002  2.9405947054320283e+000  1.8175574016944958e+000
  3.0100000000000000e+002  2.9444051510678046e+000  1.8236980213257112e+000
  3.0200000000000000e+002  2.9482648487643028e+000  1.8298296892942494e+000
  3.0300000000000000e+002  2.9521471351201165e+000  1.8359060485309107e+000
  3.0400000000000000e+002  2.9560109920470463e+000  1.8418807419664960e+000
  3.0500000000000000e+002  2.9598154014568934e+000  1.8477074125318054e+000
  3.0600000000000000e+002  2.9635193452614588e+000  1.8533872506613323e+000
  3.0700000000000000e+002  2.9670818053725432e+000  1.8589971656985285e+000
  3.0800000000000000e+002  2.9704617637019473e+000  1.8645539879173421e+000
  3.0900000000000000e+002  2.9736182021614730e+000  1.8700728045528410e+000
  3.1000000000000000e+002  2.9765101026629210e+000  1.8755687028400914e+000
  3.1100000000000000e+002  2.9790964471180916e+000  1.8810567700141605e+000
  3.1200000000000000e+002  2.9813362174387867e+000  1.8865520933101152e+000
  3.1300000000000000e+002  2.9831883955368066e+000  1.8920697599630221e+000
  3.1400000000000000e+002  2.9846119633239527e+000  1.8976248572079484e+000
  3.1500000000000000e+002  2.9857356377266733e+000  1.9032324722799605e+000
  3.1600000000000000e+002  2.9867301963970401e+000  1.9089076924141259e+000
  3.1700000000000000e+002  2.9876111868555681e+000  1.9146656048455113e+000
  3.1800000000000000e+002  2.9883941492555604e+000  1.9206337854447222e+000
  3.1900000000000000e+002  2.9890946237503204e+000  1.9272809632276062e+000
  3.2000000000000000e+002  2.9897281504931503e+000  1.9344648196678231e+000
  3.2100000000000000e+002  2.9903102696373547e+000  1.9419615970470789e+000
  3.2200000000000000e+002  2.9908565213362350e+000  1.9495475376470770e+000
  3.2300000000000000e+002  2.9913824457430960e+000  1.9569988837495229e+000
  3.2400000000000000e+002  2.9919035830112395e+000  1.9640918776361207e+000
  3.2500000000000000e+002  2.9924354732939693e+000  1.9706027615885748e+000
  3.2600000000000000e+002  2.9929936567445883e+000  1.9763077778885907e+000
  3.2700000000000000e+002  2.9935936735163997e+000  1.9809831688178718e+000
  3.2800000000000000e+002  2.9942510637627069e+000  1.9844051766581237e+000
  3.2900000000000000e+002  2.9949813676368122e+000  1.9864565561202021e+000
  3.3000000000000000e+002  2.9958001252920199e+000  1.9881334657807703e+000
  3.3100000000000000e+002  2.9967228768816319e+000  1.9897306613167101e+000
  3.3200000000000000e+002  2.9977832764979335e+000  1.9912437483740817e+000
  3.3300000000000000e+002  2.9990143486114360e+000  1.9926683325989463e+000
  3.3400000000000000e+002  3.0003965308703662e+000  1.9940000196373648e+000
  3.3500000000000000e+002  3.0019089066875480e+000  1.9952344151353982e+000
  3.3600000000000000e+002  3.0035305594758044e+000  1.9963671247391073e+000
  3.3700000000000000e+002  3.0052405726479599e+000  1.9973937540945528e+000
  3.3800000000000000e+002  3.0070180296168378e+000  1.9983099088477956e+000
  3.3900000000000000e+002  3.0088420137952614e+000  1.9991111946448967e+000
  3.4000000000000000e+002  3.0106916085960553e+000  1.9997932171319170e+000
  3.4100000000000000e+002  3.0125458974320423e+000  2.0003515819549174e+000
  3.4200000000000000e+002  3.0143839637160461e+000  2.0007818947599589e+000
  3.4300000000000000e+002  3.0161848908608908e+000  2.0010797611931022e+000
  3.4400000000000000e+002  3.0179277622793999e+000  2.0012407869004081e+000
  3.4500000000000000e+002  3.0195916613843967e+000  2.0012660135118421e+000
  3.4600000000000000e+002  3.0211556715887053e+000  2.0012139228599946e+000
  3.4700000000000000e+002  3.0226137341029449e+000  2.0011029795127646e+000
  3.4800000000000000e+002  3.0239981451497382e+000  2.0009350478764074e+000
  3.4900000000000000e+002  3.0253209175413809e+000  2.0007119923571759e+000
  3.5000000000000000e+002  3.0265926216564014e+000  2.0004356773613248e+000
  3.5100000000000000e+002  3.0278238278733292e+000  2.0001079672951079e+000
  3.5200000000000000e+002  3.0290251065706935e+000  1.9997307265647799e+000
  3.5300000000000000e+002  3.0302070281270232e+000  1.9993058195765943e+000
  3.5400000000000000e+002  3.0313801629208474e+000  1.9988351107368054e+000
  3.5500000000000000e+002  3.0325550813306954e+000  1.9983204644516672e+000
  3.5600000000000000e+002  3.0337423537350960e+000  1.9977637451274342e+000
  3.5700000000000000e+002  3.0349525505125787e+000  1.9971668171703598e+000
  3.5800000000000000e+002  3.0361962420416724e+000  1.9965315449866987e+000
  3.5900000000000000e+002  3.0374839987009064e+000  1.9958597929827049e+000
  3.6000000000000000e+002  3.0388263908688096e+000  1.9951534255646324e+000
  3.6100000000000000e+002  3.0402339889239114e+000  1.9944143071387352e+000
  3.6200000000000000e+002  3.0417173632447407e+000  1.9936066991863628e+000
  3.6300000000000000e+002  3.0432870842098270e+000  1.9923098822081748e+000
  3.6400000000000000e+002  3.0449537221976990e+000  1.9904476245953806e+000
  3.6500000000000000e+002  3.0467329757897974e+000  1.9880728985416978e+000
  3.6600000000000000e+002  3.0486984192791149e+000  1.9852386762408436e+000
  3.6700000000000000e+002  3.0508541770661273e+000  1.9819979298865358e+000
  3.6800000000000000e+002  3.0531784486791183e+000  1.9784036316724916e+000
  3.6900000000000000e+002  3.0556494336463738e+000  1.9745087537924286e+000
  3.7000000000000000e+002  3.0582453314961779e+000  1.9703662684400645e+000
  3.7100000000000000e+002  3.0609443417568158e+000  1.9660291478091161e+000
  3.7200000000000000e+002  3.0637246639565716e+000  1.9615503640933014e+000
  3.7300000000000000e+002  3.0665644976237307e+000  1.9569828894863379e+000
  3.7400000000000000e+002  3.0694420422865774e+000  1.9523796961819426e+000
  3.7500000000000000e+002  3.0723354974733965e+000  1.9477937563738337e+000
  3.7600000000000000e+002  3.0752230627124733e+000  1.9432780422557276e+000
  3.7700000000000000e+002  3.0780829375320917e+000  1.9388855260213429e+000
  3.7800000000000000e+002  3.0808933214605374e+000  1.9346691798643965e+000
  3.7900000000000000e+002  3.0836360948546759e+000  1.9306065225301829e+000
  3.8000000000000000e+002  3.0864082334007552e+000  1.9264947602907716e+000
  3.8100000000000000e+002  3.0892504828893346e+000  1.9223199178269632e+000
  3.8200000000000000e+002  3.0921484532746160e+000  1.9180833342233023e+000
  3.8300000000000000e+002  3.0950877545108022e+000  1.9137863485643323e+000
  3.8400000000000000e+002  3.0980539965520952e+000  1.9094302999345967e+000
  3.8500000000000000e+002  3.1010327893526966e+000  1.9050165274186399e+000
  3.8600000000000000e+002  3.1040097428668090e+000  1.9005463701010050e+000
  3.8700000000000000e+002  3.1069704670486340e+000  1.8960211670662366e+000
  3.8800000000000000e+002  3.1099005718523749e+000  1.8914422573988776e+000
  3.8900000000000000e+002  3.1127856672322327e+000  1.8868109801834725e+000
  3.9000000000000000e+002  3.1156113631424098e+000  1.8821286745045647e+000
  3.9100000000000000e+002  3.1183632695371091e+000  1.8773966794466981e+000
  3.9200000000000000e+002  3.1210269963705319e+000  1.8726163340944164e+000
  3.9300000000000000e+002  3.1235881535968808e+000  1.8677889775322636e+000
  3.9400000000000000e+002  3.1260323511703576e+000  1.8629159488447833e+000
  3.9500000000000000e+002  3.1283492479386905e+000  1.8579985871165192e+000
  3.9600000000000000e+002  3.1305484156084344e+000  1.8530382314320153e+000
  3.9700000000000000e+002  3.1326455198904832e+000  1.8480001343579715e+000
  3.9800000000000000e+002  3.1346562277887022e+000  1.8425848970343224e+000
  3.9900000000000000e+002  3.1365962063069581e+000  1.8367936657131851e+000
  4.0000000000000000e+002  3.1384811224491163e+000  1.8307113329969464e+000
  4.0100000000000000e+002  3.1403266432190429e+000  1.8244227914879947e+000
  4.0200000000000000e+002  3.1421484356206042e+000  1.8180129337887168e+000
  4.0300000000000000e+002  3.1439621666576665e+000  1.8115666525015008e+000
  4.0400000000000000e+002  3.1457835033340946e+000  1.8051688402287347e+000
  4.0500000000000000e+002  3.1476281126537557e+000  1.7989043895728052e+000
  4.0600000000000000e+002  3.1495116616205157e+000  1.7928581931361007e+000
  4.0700000000000000e+002  3.1514498172382397e+000  1.7871151435210084e+000
  4.0800000000000000e+002  3.1534582465107945e+000  1.7817601333299162e+000
  4.0900000000000000e+002  3.1555526164420464e+000  1.7768780551652112e+000
  4.1000000000000000e+002  3.1577485940358603e+000  1.7725538016292814e+000
  4.1100000000000000e+002  3.1600618462961032e+000  1.7688722653245148e+000
  4.1200000000000000e+002  3.1625080402266406e+000  1.7658977286498343e+000
  4.1300000000000000e+002  3.1651206286346873e+000  1.7633247791957889e+000
  4.1400000000000000e+002  3.1679356531752756e+000  1.7610009078718787e+000
  4.1500000000000000e+002  3.1709331563391632e+000  1.7588938475496447e+000
  4.1600000000000000e+002  3.1740913525779062e+000  1.7569713311006281e+000
  4.1700000000000000e+002  3.1773884563430626e+000  1.7552010913963696e+000
  4.1800000000000000e+002  3.1808026820861888e+000  1.7535508613084101e+000
  4.1900000000000000e+002  3.1843122442588423e+000  1.7519883737082904e+000
  4.2000000000000000e+002  3.1878953573125797e+000  1.7504813614675518e+000
  4.2100000000000000e+002  3.1915302356989583e+000  1.7489975574577348e+000
  4.2200000000000000e+002  3.1951950938695344e+000  1.7475046945503805e+000
  4.2300000000000000e+002  3.1988681462758657e+000  1.7459705056170298e+000
  4.2400000000000000e+002  3.2025276073695093e+000  1.7443627235292238e+000
  4.2500000000000000e+002  3.2061516916020216e+000  1.7426490811585031e+000
  4.2600000000000000e+002  3.2097186134249602e+000  1.7407973113764088e+000
  4.2700000000000000e+002  3.2132065872898816e+000  1.7387751470544819e+000
  4.2800000000000000e+002  3.2165938276483428e+000  1.7365503210642630e+000
  4.2900000000000000e+002  3.2198650922219980e+000  1.7341716227684796e+000
  4.3000000000000000e+002  3.2230612191994452e+000  1.7317175434479817e+000
  4.3100000000000000e+002  3.2262011351333650e+000  1.7291839873663595e+000
  4.3200000000000000e+002  3.2292942541761640e+000  1.7265667619691727e+000
  4.3300000000000000e+002  3.2323499904802491e+000  1.7238616747019795e+000
  4.3400000000000000e+002  3.2353777581980254e+000  1.7210645330103393e+000
  4.3500000000000000e+002  3.2383869714819000e+000  1.7181711443398111e+000
  4.3600000000000000e+002  3.2413870444842789e+000  1.7151773161359534e+000
  4.3700000000000000e+002  3.2443873913575687e+000  1.7120788558443258e+000
  4.3800000000000000e+002  3.2473974262541758e+000  1.7088715709104867e+000
  4.3900000000000000e+002  3.2504265633265068e+000  1.7055512687799954e+000
  4.4000000000000000e+002  3.2534842167269669e+000  1.7021137568984108e+000
  4.4100000000000000e+002  3.2565798006079638e+000  1.6985548427112915e+000
  4.4200000000000000e+002  3.2597227291219029e+000  1.6948703336641970e+000
  4.4300000000000000e+002  3.2629224164211910e+000  1.6910560372026859e+000
  4.4400000000000000e+002  3.2661882766582337e+000  1.6871077607723173e+000
  4.4500000000000000e+002  3.2695297239854386e+000  1.6830213118186501e+000
  4.4600000000000000e+002  3.2729561725552112e+000  1.6787924977872430e+000
  4.4700000000000000e+002  3.2764766353324286e+000  1.6743914187847664e+000
  4.4800000000000000e+002  3.2800906343909482e+000  1.6694974692977647e+000
  4.4900000000000000e+002  3.2837901818651982e+000  1.6640729826628375e+000
  4.5000000000000000e+002  3.2875671452020283e+000  1.6581915163104115e+000
  4.5100000000000000e+002  3.2914133918482875e+000  1.6519266276709141e+000
  4.5200000000000000e+002  3.2953207892508254e+000  1.6453518741747715e+000
  4.5300000000000000e+002  3.2992812048564915e+000  1.6385408132524104e+000
  4.5400000000000000e+002  3.3032865061121348e+000  1.6315670023342586e+000
  4.5500000000000000e+002  3.3073285604646054e+000  1.6245039988507417e+000
  4.5600000000000000e+002  3.3113992353607520e+000  1.6174253602322874e+000
  4.5700000000000000e+002  3.3154903982474244e+000  1.6104046439093220e+000
  4.5800000000000000e+002  3.3195939165714723e+000  1.6035154073122724e+000
  4.5900000000000000e+002  3.3237016577797442e+000  1.5968312078715661e+000
  4.6000000000000000e+002  3.3278054893190907e+000  1.5904110775707903e+000
  4.6100000000000000e+002  3.3318972786363599e+000  1.5841047150678069e+000
  4.6200000000000000e+002  3.3359688931784022e+000  1.5778465404145841e+000
  4.6300000000000000e+002  3.3400122003920667e+000  1.5716285227185722e+000
  4.6400000000000000e+002  3.3440290752392841e+000  1.5654426310872209e+000
  4.6500000000000000e+002  3.3480529555819389e+000  1.5592808346279809e+000
  4.6600000000000000e+002  3.3520867320627881e+000  1.5531351024483027e+000
  4.6700000000000000e+002  3.3561297115119295e+000  1.5469974036556355e+000
  4.6800000000000000e+002  3.3601812007594609e+000  1.5408597073574306e+000
  4.6900000000000000e+002  3.3642405066354808e+000  1.5347139826611369e+000
  4.7000000000000000e+002  3.3683069359700868e+000  1.5285521986742054e+000
  4.7100000000000000e+002  3.3723797955933765e+000  1.5223663245040866e+000
  4.7200000000000000e+002  3.3764583923354481e+000  1.5161483292582298e+000
  4.7300000000000000e+002  3.3805420330263991e+000  1.5098901820440860e+000
  4.7400000000000000e+002  3.3846300244963281e+000  1.5035838519691047e+000
  4.7500000000000000e+002  3.3887216735753323e+000  1.4972213081407366e+000
  4.7600000000000000e+002  3.3928162870935097e+000  1.4907945196664312e+000
  4.7700000000000000e+002  3.3969131718809584e+000  1.4842954556536392e+000
  4.7800000000000000e+002  3.4010116347677761e+000  1.4777160852098112e+000
  4.7900000000000000e+002  3.4051109825840609e+000  1.4710483747586689e+000
  4.8000000000000000e+002  3.4092105221599112e+000  1.4642429128911330e+000
  4.8100000000000000e+002  3.4133095603254233e+000  1.4572702340215093e+000
  4.8200000000000000e+002  3.4174074039106963e+000  1.4501501445703104e+000
  4.8300000000000000e+002  3.4215033597458286e+000  1.4429024509580493e+000
  4.8400000000000000e+002  3.4256583060805106e+000  1.4355469596052404e+000
  4.8500000000000000e+002  3.4299203844534074e+000  1.4281034769323964e+000
  4.8600000000000000e+002  3.4342662566813815e+000  1.4205918093600307e+000
  4.8700000000000000e+002  3.4386725792597210e+000  1.4130317633086555e+000
  4.8800000000000000e+002  3.4431160086837118e+000  1.4054431451987863e+000
  4.8900000000000000e+002  3.4475732014486429e+000  1.3978457614509352e+000
  4.9000000000000000e+002  3.4520208140498019e+000  1.3902594184856147e+000
  4.9100000000000000e+002  3.4564355029824747e+000  1.3827039227233400e+000
  4.9200000000000000e+002  3.4607939247419504e+000  1.3751990805846235e+000
  4.9300000000000000e+002  3.4650727358235156e+000  1.3677646984899783e+000
  4.9400000000000000e+002  3.4692485927224590e+000  1.3604205828599174e+000
  4.9500000000000000e+002  3.4732981519340664e+000  1.3531865401149552e+000
  4.9600000000000000e+002  3.4771980699536260e+000  1.3460823766756045e+000
  4.9700000000000000e+002  3.4809250032764263e+000  1.3391278989623778e+000
  4.9800000000000000e+002  3.4844556083977536e+000  1.3323429133957900e+000
  4.9900000000000000e+002  3.4877665418128956e+000  1.3257472263963539e+000
  5.0000000000000000e+002  3.4908607747411682e+000  1.3193606443845816e+000
  5.0100000000000000e+002  3.4938627890319700e+000  1.3131603406346504e+000
  5.0200000000000000e+002  3.4967921299301632e+000  1.3071016352894174e+000
  5.0300000000000000e+002  3.4996490466069017e+000  1.3011715779783328e+000
  5.0400000000000000e+002  3.5024337882333403e+000  1.2953572183312378e+000
  5.0500000000000000e+002  3.5051466039806316e+000  1.2896456059779755e+000
  5.0600000000000000e+002  3.5077877430199305e+000  1.2840237905483876e+000
  5.0700000000000000e+002  3.5103574545223908e+000  1.2784788216723149e+000
  5.0800000000000000e+002  3.5128559876591661e+000  1.2729977489796009e+000
  5.0900000000000000e+002  3.5152835916014107e+000  1.2675676221000869e+000
  5.1000000000000000e+002  3.5176405155202786e+000  1.2621754906636147e+000
  5.1100000000000000e+002  3.5199270085869236e+000  1.2568084043000258e+000
  5.1200000000000000e+002  3.5221433199724994e+000  1.2514534126391632e+000
  5.1300000000000000e+002  3.5242896988481602e+000  1.2460975653108686e+000
  5.1400000000000000e+002  3.5263663943850601e+000  1.2407279119449830e+000
  5.1500000000000000e+002  3.5283736557543524e+000  1.2353315021713496e+000
  5.1600000000000000e+002  3.5303117321271920e+000  1.2298953856198098e+000
  5.1700000000000000e+002  3.5321808726747319e+000  1.2244066119202055e+000
  5.1800000000000000e+002  3.5339813567511906e+000  1.2188548401312118e+000
  5.1900000000000000e+002  3.5357160782542434e+000  1.2132651451327343e+000
  5.2000000000000000e+002  3.5373894815392295e+000  1.2076501869077980e+000
  5.2100000000000000e+002  3.5390060142631072e+000  1.2020138820797310e+000
  5.2200000000000000e+002  3.5405701240828322e+000  1.1963601472718646e+000
  5.2300000000000000e+002  3.5420862586553619e+000  1.1906928991075272e+000
  5.2400000000000000e+002  3.5435588656376527e+000  1.1850160542100483e+000
  5.2500000000000000e+002  3.5449923926866620e+000  1.1793335292027569e+000
  5.2600000000000000e+002  3.5463912874593464e+000  1.1736492407089834e+000
  5.2700000000000000e+002  3.5477599976126628e+000  1.1679671053520566e+000
  5.2800000000000000e+002  3.5491029708035682e+000  1.1622910397553055e+000
  5.2900000000000000e+002  3.5504246546890190e+000  1.1566249605420607e+000
  5.3000000000000000e+002  3.5517294969259727e+000  1.1509727843356508e+000
  5.3100000000000000e+002  3.5530219451713858e+000  1.1453384277594050e+000
  5.3200000000000000e+002  3.5543064470822148e+000  1.1397258074366536e+000
  5.3300000000000000e+002  3.5555874503154170e+000  1.1341388399907255e+000
  5.3400000000000000e+002  3.5568694025279495e+000  1.1285814420449503e+000
  5.3500000000000000e+002  3.5581567513767687e+000  1.1230575302226566e+000
  5.3600000000000000e+002  3.5594539445188316e+000  1.1175710211471752e+000
  5.3700000000000000e+002  3.5607654296110951e+000  1.1121258314418350e+000
  5.3800000000000000e+002  3.5620956543105162e+000  1.1067258777299644e+000
  5.3900000000000000e+002  3.5634490662740514e+000  1.1013750766348944e+000
  5.4000000000000000e+002  3.5648301131586577e+000  1.0960773447799537e+000
  5.4100000000000000e+002  3.5662432426212920e+000  1.0908365987884716e+000
  5.4200000000000000e+002  3.5676929023189112e+000  1.0856567552837770e+000
  5.4300000000000000e+002  3.5691835399084724e+000  1.0805205677862009e+000
  5.4400000000000000e+002  3.5707042801615874e+000  1.0753740910072533e+000
  5.4500000000000000e+002  3.5722389475415492e+000  1.0702188542443480e+000
  5.4600000000000000e+002  3.5737868021140349e+000  1.0650597770373773e+000
  5.4700000000000000e+002  3.5753471185041015e+000  1.0599017789262308e+000
  5.4800000000000000e+002  3.5769191713368063e+000  1.0547497794507998e+000
  5.4900000000000000e+002  3.5785022352372060e+000  1.0496086981509742e+000
  5.5000000000000000e+002  3.5800955848303579e+000  1.0444834545666462e+000
  5.5100000000000000e+002  3.5816984947413193e+000  1.0393789682377057e+000
  5.5200000000000000e+002  3.5833102395951473e+000  1.0343001587040430e+000
  5.5300000000000000e+002  3.5849300940168987e+000  1.0292519455055502e+000
  5.5400000000000000e+002  3.5865573326316307e+000  1.0242392481821172e+000
  5.5500000000000000e+002  3.5881912300644010e+000  1.0192669862736345e+000
  5.5600000000000000e+002  3.5898310609402659e+000  1.0143400793199937e+000
  5.5700000000000000e+002  3.5914760998842827e+000  1.0094634468610852e+000
  5.5800000000000000e+002  3.5931256215215090e+000  1.0046420084367997e+000
  5.5900000000000000e+002  3.5947789004770017e+000  9.9988068358702775e-001
  5.6000000000000000e+002  3.5964352113758173e+000  9.9518439185166074e-001
  5.6100000000000000e+002  3.5980938288430138e+000  9.9055805277058906e-001
  5.6200000000000000e+002  3.5997540275036481e+000  9.8600658588370305e-001
  5.6300000000000000e+002  3.6014150819827768e+000  9.8153491073089438e-001
  5.6400000000000000e+002  3.6030762669054579e+000  9.7714794685205353e-001
  5.6500000000000000e+002  3.6047368568967473e+000  9.7285061378707094e-001
  5.6600000000000000e+002  3.6063961265817035e+000  9.6864783107583730e-001
  5.6700000000000000e+002  3.6080533505853825e+000  9.6454451825824394e-001
  5.6800000000000000e+002  3.6097078035328423e+000  9.6054559487418145e-001
  5.6900000000000000e+002  3.6113587600491392e+000  9.5665598046354017e-001
  5.7000000000000000e+002  3.6130054947593306e+000  9.5288246738109095e-001
  5.7100000000000000e+002  3.6146472822884741e+000  9.4923073036222994e-001
  5.7200000000000000e+002  3.6162833972616260e+000  9.4569264184799151e-001
  5.7300000000000000e+002  3.6179131143038443e+000  9.4225909770447824e-001
  5.7400000000000000e+002  3.6195391762076157e+000  9.3892099379779370e-001
  5.7500000000000000e+002  3.6211722035683946e+000  9.3566922599404001e-001
  5.7600000000000000e+002  3.6228122544963908e+000  9.3249469015931985e-001
  5.7700000000000000e+002  3.6244584927059900e+000  9.2938828215973657e-001
  5.7800000000000000e+002  3.6261100819115781e+000  9.2634089786139251e-001
  5.7900000000000000e+002  3.6277661858275416e+000  9.2334343313039058e-001
  5.8000000000000000e+002  3.6294259681682663e+000  9.2038678383283312e-001
  5.8100000000000000e+002  3.6310885926481373e+000  9.1746184583482360e-001
  5.8200000000000000e+002  3.6327532229815418e+000  9.1455951500246446e-001
  5.8300000000000000e+002  3.6344190228828652e+000  9.1167068720185818e-001
  5.8400000000000000e+002  3.6360851560664935e+000  9.0878625829910797e-001
  5.8500000000000000e+002  3.6377507862468126e+000  9.0589712416031654e-001
  5.8600000000000000e+002  3.6394150771382083e+000  9.0299418065158621e-001
  5.8700000000000000e+002  3.6410771924550671e+000  9.0006832363902034e-001
  5.8800000000000000e+002  3.6427362959117748e+000  8.9711044898872139e-001
  5.8900000000000000e+002  3.6443915512227170e+000  8.9411145256679214e-001
  5.9000000000000000e+002  3.6460421221022798e+000  8.9106223023933517e-001
  5.9100000000000000e+002  3.6476871722648498e+000  8.8795367787245372e-001
  5.9200000000000000e+002  3.6493258654248120e+000  8.8477669133225023e-001
  5.9300000000000000e+002  3.6509573652965530e+000  8.8152216648482729e-001
  5.9400000000000000e+002  3.6525808355944585e+000  8.7818099919628811e-001
  5.9500000000000000e+002  3.6541954400329146e+000  8.7474408533273529e-001
  5.9600000000000000e+002  3.6558003423263075e+000  8.7120339789315204e-001
  5.9700000000000000e+002  3.6573947061890228e+000  8.6759649732316213e-001
  5.9800000000000000e+002  3.6589776953354463e+000  8.6394617449836386e-001
  5.9900000000000000e+002  3.6605484734799645e+000  8.6025300287370154e-001
  6.0000000000000000e+002  3.6621062043369630e+000  8.5651755590411938e-001
  6.0100000000000000e+002  3.6636500516208277e+000  8.5274040704456300e-001
  6.0200000000000000e+002  3.6651791790459449e+000  8.4892212974997661e-001
  6.0300000000000000e+002  3.6666927503267006e+000  8.4506329747530495e-001
  6.0400000000000000e+002  3.6681881493873929e+000  8.4116448367549235e-001
  6.0500000000000000e+002  3.6696435132310992e+000  8.3722626180548432e-001
  6.0600000000000000e+002  3.6710568554421297e+000  8.3324920532022517e-001
  6.0700000000000000e+002  3.6724336577294681e+000  8.2923388767465911e-001
  6.0800000000000000e+002  3.6737794018020966e+000  8.2518088232373177e-001
  6.0900000000000000e+002  3.6750995693689990e+000  8.2109076272238735e-001
  6.1000000000000000e+002  3.6763996421391578e+000  8.1696410232557015e-001
  6.1100000000000000e+002  3.6776851018215568e+000  8.1280147458822583e-001
  6.1200000000000000e+002  3.6789614301251783e+000  8.0860345296529856e-001
  6.1300000000000000e+002  3.6802341087590058e+000  8.0437061091173312e-001
  6.1400000000000000e+002  3.6815086194320226e+000  8.0010352188247380e-001
  6.1500000000000000e+002  3.6827904438532117e+000  7.9580275933246603e-001
  6.1600000000000000e+002  3.6840850637315556e+000  7.9146889671665421e-001
  6.1700000000000000e+002  3.6853979607760383e+000  7.8710250748998256e-001
  6.1800000000000000e+002  3.6867346166956425e+000  7.8270416510739671e-001
  6.1900000000000000e+002  3.6881005131993505e+000  7.7827444302384086e-001
  6.2000000000000000e+002  3.6895011319961468e+000  7.7381391469425975e-001
  6.2100000000000000e+002  3.6909419547950137e+000  7.6932315357359760e-001
  6.2200000000000000e+002  3.6924284633049340e+000  7.6480273311680003e-001
  6.2300000000000000e+002  3.6939661392348917e+000  7.6025322677881135e-001
  6.2400000000000000e+002  3.6955604642938691e+000  7.5567520801457577e-001
  6.2500000000000000e+002  3.6972169201908498e+000  7.5106925027903904e-001
  6.2600000000000000e+002  3.6989421154907216e+000  7.4643592702714512e-001
  6.2700000000000000e+002  3.7007590986028815e+000  7.4177279050776967e-001
  6.2800000000000000e+002  3.7026701104437563e+000  7.3700825329970165e-001
  6.2900000000000000e+002  3.7046684871644837e+000  7.3211885623899209e-001
  6.3000000000000000e+002  3.7067475649162036e+000  7.2711404600373164e-001
  6.3100000000000000e+002  3.7089006798500548e+000  7.2200326927201042e-001
  6.3200000000000000e+002  3.7111211681171756e+000  7.1679597272192075e-001
  6.3300000000000000e+002  3.7134023658687059e+000  7.1150160303155274e-001
  6.3400000000000000e+002  3.7157376092557843e+000  7.0612960687899695e-001
  6.3500000000000000e+002  3.7181202344295490e+000  7.0068943094234537e-001
  6.3600000000000000e+002  3.7205435775411400e+000  6.9519052189968833e-001
  6.3700000000000000e+002  3.7230009747416957e+000  6.8964232642911683e-001
  6.3800000000000000e+002  3.7254857621823554e+000  6.8405429120872119e-001
  6.3900000000000000e+002  3.7279912760142575e+000  6.7843586291659363e-001
  6.4000000000000000e+002  3.7305108523885413e+000  6.7279648823082439e-001
  6.4100000000000000e+002  3.7330378274563456e+000  6.6714561382950377e-001
  6.4200000000000000e+002  3.7355655373688093e+000  6.6149268639072401e-001
  6.4300000000000000e+002  3.7380873182770715e+000  6.5584715259257531e-001
  6.4400000000000000e+002  3.7405965063322708e+000  6.5021845911314868e-001
  6.4500000000000000e+002  3.7430864376855468e+000  6.4461605263053456e-001
  6.4600000000000000e+002  3.7455504484880375e+000  6.3904937982282495e-001
  6.4700000000000000e+002  3.7479818748908826e+000  6.3352788736811017e-001
  6.4800000000000000e+002  3.7503740530452214e+000  6.2806102194448066e-001
  6.4900000000000000e+002  3.7527203191021914e+000  6.2265823023002853e-001
  6.5000000000000000e+002  3.7550506811306210e+000  6.1732895890284412e-001
  6.5100000000000000e+002  3.7575580009343090e+000  6.1208265464101819e-001
  6.5200000000000000e+002  3.7602403065447501e+000  6.0692876412264141e-001
  6.5300000000000000e+002  3.7630607096177808e+000  6.0187673402580555e-001
  6.5400000000000000e+002  3.7659823218092412e+000  5.9693601102860128e-001
  6.5500000000000000e+002  3.7689682547749688e+000  5.9211604180911870e-001
  6.5600000000000000e+002  3.7719816201708021e+000  5.8742627304545003e-001
  6.5700000000000000e+002  3.7749855296525792e+000  5.8287500655420288e-001
  6.5800000000000000e+002  3.7779430948761390e+000  5.7839878525232213e-001
  6.5900000000000000e+002  3.7808174274973196e+000  5.7395694714426748e-001
  6.6000000000000000e+002  3.7835716391719587e+000  5.6954970968764695e-001
  6.6100000000000000e+002  3.7861688415558956e+000  5.6517729034006714e-001
  6.6200000000000000e+002  3.7885721463049684e+000  5.6083990655913485e-001
  6.6300000000000000e+002  3.7907446650750147e+000  5.5653777580245811e-001
  6.6400000000000000e+002  3.7926495095218740e+000  5.5227111552764363e-001
  6.6500000000000000e+002  3.7942497913013837e+000  5.4804014319229799e-001
  6.6600000000000000e+002  3.7955086220693826e+000  5.4384507625402934e-001
  6.6700000000000000e+002  3.7963891134817085e+000  5.3968613217044425e-001
  6.6800000000000000e+002  3.7968543771942005e+000  5.3556352839915000e-001
  6.6900000000000000e+002  3.7969200000000001e+000  5.3147748239775328e-001
  6.7000000000000000e+002  3.7969200000000001e+000  5.2742821162386200e-001
  6.7100000000000000e+002  3.7969200000000001e+000  5.2341593353508287e-001
  6.7200000000000000e+002  3.7969200000000001e+000  5.1944086558902280e-001
  6.7300000000000000e+002  3.7969200000000001e+000  5.1550322524328951e-001
  6.7400000000000000e+002  3.7969200000000001e+000  5.1160322995548990e-001
  6.7500000000000000e+002  3.7969200000000001e+000  5.0774109718323102e-001
  6.7600000000000000e+002  3.7969200000000001e+000  5.0391704438411977e-001
  6.7700000000000000e+002  3.7969200000000001e+000  5.0013128901576387e-001
  6.7800000000000000e+002  3.7969200000000001e+000  4.9638404853577012e-001
  6.7900000000000000e+002  3.7969200000000001e+000  4.9267554040174533e-001
  6.8000000000000000e+002  3.7969200000000001e+000  4.8900598207129742e-001
  6.8100000000000000e+002  3.7969200000000001e+000  4.8537559100203315e-001
  6.8200000000000000e+002  3.7969200000000001e+000  4.8178458465155960e-001
  6.8300000000000000e+002  3.7969200000000001e+000  4.7823318047748353e-001
  6.8400000000000000e+002  3.7969200000000001e+000  4.7472159593741292e-001
  6.8500000000000000e+002  3.7968297879793531e+000  4.7125004848895446e-001
  6.8600000000000000e+002  3.7965287217281714e+000  4.6781875558971497e-001
  6.8700000000000000e+002  3.7960289955987045e+000  4.6442793469730226e-001
  6.8800000000000000e+002  3.7953437946216675e+000  4.6107780326932318e-001
  6.8900000000000000e+002  3.7944863038277745e+000  4.5776857876338445e-001
  6.9000000000000000e+002  3.7934697082477391e+000  4.5450047721158088e-001
  6.9100000000000000e+002  3.7923071929122765e+000  4.5125627655992434e-001
  6.9200000000000000e+002  3.7910119428521005e+000  4.4801986174972741e-001
  6.9300000000000000e+002  3.7895971430979256e+000  4.4479217624979012e-001
  6.9400000000000000e+002  3.7880759786804661e+000  4.4157416352891360e-001
  6.9500000000000000e+002  3.7864616346304363e+000  4.3836676705589805e-001
  6.9600000000000000e+002  3.7847672959785501e+000  4.3517093029954346e-001
  6.9700000000000000e+002  3.7830061477555224e+000  4.3198759672865100e-001
  6.9800000000000000e+002  3.7811913749920674e+000  4.2881770981202078e-001
  6.9900000000000000e+002  3.7793361627188995e+000  4.2566221301845325e-001
  7.0000000000000000e+002  3.7774536959667322e+000  4.2252204981674851e-001
  7.0100000000000000e+002  3.7755571597662807e+000  4.1939816367570770e-001
  7.0200000000000000e+002  3.7736597391482589e+000  4.1629149806413090e-001
  7.0300000000000000e+002  3.7717746191433807e+000  4.1320299645081826e-001
  7.0400000000000000e+002  3.7699149847823619e+000  4.1013360230457085e-001
  7.0500000000000000e+002  3.7680940210959153e+000  4.0708425909418883e-001
  7.0600000000000000e+002  3.7663249131147558e+000  4.0405591028847260e-001
  7.0700000000000000e+002  3.7646208458695973e+000  4.0104949935622236e-001
  7.0800000000000000e+002  3.7629950043911546e+000  3.9806596976623909e-001
  7.0900000000000000e+002  3.7614605737101421e+000  3.9510626498732304e-001
  7.1000000000000000e+002  3.7600307388572736e+000  3.9217132848827424e-001
  7.1100000000000000e+002  3.7586627271194235e+000  3.8926210373789383e-001
  7.1200000000000000e+002  3.7572998931920609e+000  3.8637953420498189e-001
  7.1300000000000000e+002  3.7559420268170101e+000  3.8352456335833890e-001
  7.1400000000000000e+002  3.7545889460159940e+000  3.8069813466676500e-001
  7.1500000000000000e+002  3.7532404688107364e+000  3.7790119159906121e-001
  7.1600000000000000e+002  3.7518964132229597e+000  3.7513467762402780e-001
  7.1700000000000000e+002  3.7505565972743873e+000  3.7239953621046473e-001
  7.1800000000000000e+002  3.7492208389867421e+000  3.6969671082717320e-001
  7.1900000000000000e+002  3.7478889563817477e+000  3.6702714494295330e-001
  7.2000000000000000e+002  3.7465607674811268e+000  3.6439178202660516e-001
  7.2100000000000000e+002  3.7452360903066024e+000  3.6179156554692982e-001
  7.2200000000000000e+002  3.7439147428798982e+000  3.5922743897272746e-001
  7.2300000000000000e+002  3.7425965432227368e+000  3.5670034577279852e-001
  7.2400000000000000e+002  3.7412813093568418e+000  3.5421122941594319e-001
  7.2500000000000000e+002  3.7399688593039357e+000  3.5176103337096237e-001
  7.2600000000000000e+002  3.7386590110857423e+000  3.4935070110665639e-001
  7.2700000000000000e+002  3.7373515827239840e+000  3.4698117609182533e-001
  7.2800000000000000e+002  3.7360463922403846e+000  3.4465340179527015e-001
  7.2900000000000000e+002  3.7347432576566666e+000  3.4236832168579107e-001
  7.3000000000000000e+002  3.7334419969945536e+000  3.4012687923218854e-001
  7.3100000000000000e+002  3.7321424282757683e+000  3.3793001790326282e-001
  7.3200000000000000e+002  3.7308443695220341e+000  3.3577868116781473e-001
  7.3300000000000000e+002  3.7295476387550739e+000  3.3367381249464451e-001
  7.3400000000000000e+002  3.7282520539966111e+000  3.3161635535255241e-001
  7.3500000000000000e+002  3.7269574332683688e+000  3.2960725321033935e-001
  7.3600000000000000e+002  3.7256635945920702e+000  3.2764744953680547e-001
  7.3700000000000000e+002  3.7243703559894379e+000  3.2573788780075130e-001
  7.3800000000000000e+002  3.7230775354733314e+000  3.2385505999824310e-001
  7.3900000000000000e+002  3.7217826124881399e+000  3.2196719529721368e-001
  7.4000000000000000e+002  3.7204835208231652e+000  3.2007608647919422e-001
  7.4100000000000000e+002  3.7191807321623598e+000  3.1818372137844692e-001
  7.4200000000000000e+002  3.7178747181896781e+000  3.1629208782923479e-001
  7.4300000000000000e+002  3.7165659505890720e+000  3.1440317366582016e-001
  7.4400000000000000e+002  3.7152549010444957e+000  3.1251896672246532e-001
  7.4500000000000000e+002  3.7139420412399025e+000  3.1064145483343319e-001
  7.4600000000000000e+002  3.7126278428592445e+000  3.0877262583298615e-001
  7.4700000000000000e+002  3.7113127775864760e+000  3.0691446755538665e-001
  7.4800000000000000e+002  3.7099973171055498e+000  3.0506896783489706e-001
  7.4900000000000000e+002  3.7086819331004195e+000  3.0323811450578031e-001
  7.5000000000000000e+002  3.7073670972550379e+000  3.0142389540229869e-001
  7.5100000000000000e+002  3.7060532812533586e+000  2.9962829835871452e-001
  7.5200000000000000e+002  3.7047409567793346e+000  2.9785331120929076e-001
  7.5300000000000000e+002  3.7034305955169189e+000  2.9610092178828973e-001
  7.5400000000000000e+002  3.7021226691500648e+000  2.9437311792997389e-001
  7.5500000000000000e+002  3.7008176493627261e+000  2.9267188746860567e-001
  7.5600000000000000e+002  3.6995160078388558e+000  2.9099921823844793e-001
  7.5700000000000000e+002  3.6982182162624064e+000  2.8935709807376297e-001
  7.5800000000000000e+002  3.6969247463173320e+000  2.8774751480881322e-001
  7.5900000000000000e+002  3.6956360696875858e+000  2.8617245627786148e-001
  7.6000000000000000e+002  3.6943526580571207e+000  2.8463391031517016e-001
  7.6100000000000000e+002  3.6930749831098897e+000  2.8313386475500169e-001
  7.6200000000000000e+002  3.6918035165298466e+000  2.8167430743161853e-001
  7.6300000000000000e+002  3.6905387300009442e+000  2.8025722617928350e-001
  7.6400000000000000e+002  3.6892810952071358e+000  2.7888460883225891e-001
  7.6500000000000000e+002  3.6880310838323749e+000  2.7755844322480722e-001
  7.6600000000000000e+002  3.6867891675606148e+000  2.7628071719119118e-001
  7.6700000000000000e+002  3.6855558180758079e+000  2.7505341856567317e-001
  7.6800000000000000e+002  3.6843315070619083e+000  2.7387853518251565e-001
  7.6900000000000000e+002  3.6831167062028691e+000  2.7275805487598137e-001
  7.7000000000000000e+002  3.6819118871826433e+000  2.7169396548033270e-001
  7.7100000000000000e+002  3.6807175216851844e+000  2.7068825482983216e-001
  7.7200000000000000e+002  3.6795340813944453e+000  2.6974291075874218e-001
  7.7300000000000000e+002  3.6783620379943791e+000  2.6885992110132556e-001
  7.7400000000000000e+002  3.6772018631689396e+000  2.6804127369184461e-001
  7.7500000000000000e+002  3.6760540286020795e+000  2.6728895636456185e-001
  7.7600000000000000e+002  3.6749190059777526e+000  2.6660495695373992e-001
  7.7700000000000000e+002  3.6737972594923107e+000  2.6599126329364131e-001
  7.7800000000000000e+002  3.6726855051918865e+000  2.6544986321852848e-001
  7.7900000000000000e+002  3.6715806884720359e+000  2.6498274456266396e-001
  7.8000000000000000e+002  3.6704827079506011e+000  2.6456148923182154e-001
  7.8100000000000000e+002  3.6693914622454251e+000  2.6414843861302140e-001
  7.8200000000000000e+002  3.6683068499743507e+000  2.6374336397853909e-001
  7.8300000000000000e+002  3.6672287697552211e+000  2.6334616048984261e-001
  7.8400000000000000e+002  3.6661571202058791e+000  2.6295672330839970e-001
  7.8500000000000000e+002  3.6650917999441677e+000  2.6257494759567829e-001
  7.8600000000000000e+002  3.6640327075879298e+000  2.6220072851314608e-001
  7.8700000000000000e+002  3.6629797417550081e+000  2.6183396122227104e-001
  7.8800000000000000e+002  3.6619328010632457e+000  2.6147454088452105e-001
  7.8900000000000000e+002  3.6608917841304858e+000  2.6112236266136379e-001
  7.9000000000000000e+002  3.6598565895745705e+000  2.6077732171426726e-001
  7.9100000000000000e+002  3.6588271160133439e+000  2.6043931320469926e-001
  7.9200000000000000e+002  3.6578032620646477e+000  2.6010823229412766e-001
  7.9300000000000000e+002  3.6567849263463255e+000  2.5978397414402021e-001
  7.9400000000000000e+002  3.6557720074762199e+000  2.5946643391584484e-001
  7.9500000000000000e+002  3.6547644040721745e+000  2.5915550677106935e-001
  7.9600000000000000e+002  3.6537620147520311e+000  2.5885108787116168e-001
  7.9700000000000000e+002  3.6527647381336337e+000  2.5855307237758957e-001
  7.9800000000000000e+002  3.6517724728348249e+000  2.5826135545182088e-001
  7.9900000000000000e+002  3.6507851174734469e+000  2.5797583225532350e-001
  8.0000000000000000e+002  3.6498025706673434e+000  2.5769639794956528e-001
  8.0100000000000000e+002  3.6488247310343573e+000  2.5742294769601404e-001
  8.0200000000000000e+002  3.6478514971923310e+000  2.5715537665613758e-001
  8.0300000000000000e+002  3.6468827677591080e+000  2.5689357999140383e-001
  8.0400000000000000e+002  3.6459184413525310e+000  2.5663745286328060e-001
  8.0500000000000000e+002  3.6449584165904430e+000  2.5638689043323576e-001
  8.0600000000000000e+002  3.6440025920906862e+000  2.5614178786273706e-001
  8.0700000000000000e+002  3.6430508664711043e+000  2.5590204031325248e-001
  8.0800000000000000e+002  3.6421031383495404e+000  2.5566754294624977e-001
  8.0900000000000000e+002  3.6411593063438366e+000  2.5543819092319681e-001
  8.1000000000000000e+002  3.6402192690718365e+000  2.5521387940556145e-001
  8.1100000000000000e+002  3.6392829251513827e+000  2.5499450355481151e-001
  8.1200000000000000e+002  3.6383501732003185e+000  2.5477995853241492e-001
  8.1300000000000000e+002  3.6374209118364860e+000  2.5457013949983942e-001
  8.1400000000000000e+002  3.6364950396777287e+000  2.5436494161855289e-001
  8.1500000000000000e+002  3.6355724553418898e+000  2.5416426005002318e-001
  8.1600000000000000e+002  3.6346530574468119e+000  2.5396798995571818e-001
  8.1700000000000000e+002  3.6337367446103372e+000  2.5377602649710562e-001
  8.1800000000000000e+002  3.6328234154503098e+000  2.5358826483565350e-001
  8.1900000000000000e+002  3.6319129685845724e+000  2.5340460013282956e-001
  8.2000000000000000e+002  3.6310053026309670e+000  2.5322492755010167e-001
  8.2100000000000000e+002  3.6300993191585178e+000  2.5304914224893765e-001
  8.2200000000000000e+002  3.6291925678703603e+000  2.5287713939080542e-001
  8.2300000000000000e+002  3.6282851579252458e+000  2.5270881413717278e-001
  8.2400000000000000e+002  3.6273773250056860e+000  2.5254406164950755e-001
  8.2500000000000000e+002  3.6264693047941940e+000  2.5238277708927759e-001
  8.2600000000000000e+002  3.6255613329732808e+000  2.5222485561795083e-001
  8.2700000000000000e+002  3.6246536452254596e+000  2.5207019239699496e-001
  8.2800000000000000e+002  3.6237464772332415e+000  2.5191868258787797e-001
  8.2900000000000000e+002  3.6228400646791399e+000  2.5177022135206761e-001
  8.3000000000000000e+002  3.6219346432456656e+000  2.5162470385103175e-001
  8.3100000000000000e+002  3.6210304486153322e+000  2.5148202524623831e-001
  8.3200000000000000e+002  3.6201277164706505e+000  2.5134208069915498e-001
  8.3300000000000000e+002  3.6192266824941335e+000  2.5120476537124981e-001
  8.3400000000000000e+002  3.6183275823682930e+000  2.5106997442399043e-001
  8.3500000000000000e+002  3.6174306517756412e+000  2.5093760301884488e-001
  8.3600000000000000e+002  3.6165361263986902e+000  2.5080754631728086e-001
  8.3700000000000000e+002  3.6156442419199526e+000  2.5067969948076629e-001
  8.3800000000000000e+002  3.6147552340219398e+000  2.5055395767076899e-001
  8.3900000000000000e+002  3.6138693383871647e+000  2.5043021604875682e-001
  8.4000000000000000e+002  3.6129867906981392e+000  2.5030836977619764e-001
  8.4100000000000000e+002  3.6121078266373750e+000  2.5018831401455921e-001
  8.4200000000000000e+002  3.6112326818873850e+000  2.5006994392530951e-001
  8.4300000000000000e+002  3.6103615921306811e+000  2.4995315466991633e-001
  8.4400000000000000e+002  3.6094947930497749e+000  2.4983821503583478e-001
  8.4500000000000000e+002  3.6086325203271792e+000  2.4972556204690091e-001
  8.4600000000000000e+002  3.6077750096454060e+000  2.4961515436951737e-001
  8.4700000000000000e+002  3.6069224966869671e+000  2.4950694798909170e-001
  8.4800000000000000e+002  3.6060752171343755e+000  2.4940089889103140e-001
  8.4900000000000000e+002  3.6052334066701426e+000  2.4929696306074403e-001
  8.5000000000000000e+002  3.6043973009767805e+000  2.4919509648363705e-001
  8.5100000000000000e+002  3.6035671357368018e+000  2.4909525514511802e-001
  8.5200000000000000e+002  3.6027431466327187e+000  2.4899739503059443e-001
  8.5300000000000000e+002  3.6019255693470429e+000  2.4890147212547378e-001
  8.5400000000000000e+002  3.6011146395622871e+000  2.4880744241516364e-001
  8.5500000000000000e+002  3.6003105929609629e+000  2.4871526188507151e-001
  8.5600000000000000e+002  3.5995136652255826e+000  2.4862488652060488e-001
  8.5700000000000000e+002  3.5987240920386587e+000  2.4853627230717129e-001
  8.5800000000000000e+002  3.5979421090827026e+000  2.4844937523017827e-001
  8.5900000000000000e+002  3.5971679520402278e+000  2.4836415127503328e-001
  8.6000000000000000e+002  3.5964018565937450e+000  2.4828055642714392e-001
  8.6100000000000000e+002  3.5956440584257674e+000  2.4819854667191762e-001
  8.6200000000000000e+002  3.5948947932188062e+000  2.4811807799476196e-001
  8.6300000000000000e+002  3.5941542966553746e+000  2.4803910638108442e-001
  8.6400000000000000e+002  3.5934228044179841e+000  2.4796158781629254e-001
  8.6500000000000000e+002  3.5927005521891466e+000  2.4788547828579383e-001
  8.6600000000000000e+002  3.5919877756513752e+000  2.4781073377499580e-001
  8.6700000000000000e+002  3.5912847104871815e+000  2.4773731026930595e-001
  8.6800000000000000e+002  3.5905915923790772e+000  2.4766516375413183e-001
  8.6900000000000000e+002  3.5899086570095751e+000  2.4759425021488096e-001
  8.7000000000000000e+002  3.5892361400611876e+000  2.4752452563696084e-001
  8.7100000000000000e+002  3.5885742772164262e+000  2.4745594600577900e-001
  8.7200000000000000e+002  3.5879233041578029e+000  2.4738846730674294e-001
  8.7300000000000000e+002  3.5872819108917708e+000  2.4732204552526016e-001
  8.7400000000000000e+002  3.5866446752660872e+000  2.4725663664673822e-001
  8.7500000000000000e+002  3.5860111251514000e+000  2.4719219665658460e-001
  8.7600000000000000e+002  3.5853812839564601e+000  2.4712868154020684e-001
  8.7700000000000000e+002  3.5847551750900180e+000  2.4706604728301246e-001
  8.7800000000000000e+002  3.5841328219608251e+000  2.4700424987040895e-001
  8.7900000000000000e+002  3.5835142479776323e+000  2.4694324528780387e-001
  8.8000000000000000e+002  3.5828994765491906e+000  2.4688298952060470e-001
  8.8100000000000000e+002  3.5822885310842509e+000  2.4682343855421895e-001
  8.8200000000000000e+002  3.5816814349915642e+000  2.4676454837405415e-001
  8.8300000000000000e+002  3.5810782116798814e+000  2.4670627496551784e-001
  8.8400000000000000e+002  3.5804788845579538e+000  2.4664857431401752e-001
  8.8500000000000000e+002  3.5798834770345320e+000  2.4659140240496069e-001
  8.8600000000000000e+002  3.5792920125183674e+000  2.4653471522375489e-001
  8.8700000000000000e+002  3.5787045144182104e+000  2.4647846875580762e-001
  8.8800000000000000e+002  3.5781210061428124e+000  2.4642261898652640e-001
  8.8900000000000000e+002  3.5775415111009243e+000  2.4636712190131876e-001
  8.9000000000000000e+002  3.5769660527012967e+000  2.4631193348559222e-001
  8.9100000000000000e+002  3.5763946543526810e+000  2.4625700972475426e-001
  8.9200000000000000e+002  3.5758273394638285e+000  2.4620230660421244e-001
  8.9300000000000000e+002  3.5752641314434892e+000  2.4614778010937424e-001
  8.9400000000000000e+002  3.5747050537004150e+000  2.4609338622564722e-001
  8.9500000000000000e+002  3.5741501296433564e+000  2.4603908093843885e-001
  8.9600000000000000e+002  3.5735993826810644e+000  2.4598482023315668e-001
  8.9700000000000000e+002  3.5730528362222902e+000  2.4593056009520822e-001
  8.9800000000000000e+002  3.5725105136757844e+000  2.4587625651000097e-001
  8.9900000000000000e+002  3.5719724384502980e+000  2.4582186546294246e-001
  9.0000000000000000e+002  3.5714386339545827e+000  2.4576734293944022e-001
  9.0100000000000000e+002  3.5709091235973887e+000  2.4571264492490175e-001
  9.0200000000000000e+002  3.5703839307874672e+000  2.4565772740473454e-001
  9.0300000000000000e+002  3.5698630789335692e+000  2.4560254636434617e-001
  9.0400000000000000e+002  3.5693465914444458e+000  2.4554705778914410e-001
  9.0500000000000000e+002  3.5688344917288477e+000  2.4549121766453588e-001
  9.0600000000000000e+002  3.5683268031955260e+000  2.4543498197592903e-001
  9.0700000000000000e+002  3.5678235492532315e+000  2.4537830670873104e-001
  9.0800000000000000e+002  3.5673247533107157e+000  2.4532114784834944e-001
  9.0900000000000000e+002  3.5668304387767291e+000  2.4526346138019176e-001
  9.1000000000000000e+002  3.5663406290600230e+000  2.4520520328966550e-001
  9.1100000000000000e+002  3.5658553475693480e+000  2.4514632956217816e-001
  9.1200000000000000e+002  3.5653746177134553e+000  2.4508679618313731e-001
  9.1300000000000000e+002  3.5648984629010960e+000  2.4502655913795041e-001
  9.1400000000000000e+002  3.5644269065410210e+000  2.4496557441202499e-001
  9.1500000000000000e+002  3.5639599720419808e+000  2.4490379799076861e-001
  9.1600000000000000e+002  3.5634976828127272e+000  2.4484118585958872e-001
  9.1700000000000000e+002  3.5630400622620102e+000  2.4477769400389290e-001
  9.1800000000000000e+002  3.5625871337985817e+000  2.4471327840908863e-001
  9.1900000000000000e+002  3.5621389208311927e+000  2.4464789506058343e-001
  9.2000000000000000e+002  3.5616954467685931e+000  2.4458149994378484e-001
  9.2100000000000000e+002  3.5612567350195348e+000  2.4451404904410035e-001
  9.2200000000000000e+002  3.5608228089927683e+000  2.4444549834693746e-001
  9.2300000000000000e+002  3.5603936920970449e+000  2.4437580383770374e-001
  9.2400000000000000e+002  3.5599694077411157e+000  2.4430492150180669e-001
  9.2500000000000000e+002  3.5595499793337315e+000  2.4423280732465380e-001
  9.2600000000000000e+002  3.5591354302836429e+000  2.4415941729165258e-001
  9.2700000000000000e+002  3.5587257839996016e+000  2.4408470738821059e-001
  9.2800000000000000e+002  3.5583210638903577e+000  2.4400863359973535e-001
  9.2900000000000000e+002  3.5579212933646631e+000  2.4393115191163431e-001
  9.3000000000000000e+002  3.5575264958312678e+000  2.4385221830931506e-001
  9.3100000000000000e+002  3.5571366946989236e+000  2.4377178877818506e-001
  9.3200000000000000e+002  3.5567513961396067e+000  2.4368981930365188e-001
  9.3300000000000000e+002  3.5563666306460919e+000  2.4360626587112300e-001
  9.3400000000000000e+002  3.5559816354033100e+000  2.4352108446600593e-001
  9.3500000000000000e+002  3.5555964995219442e+000  2.4343423107370823e-001
  9.3600000000000000e+002  3.5552113121126778e+000  2.4334566167963739e-001
  9.3700000000000000e+002  3.5548261622861936e+000  2.4325533226920090e-001
  9.3800000000000000e+002  3.5544411391531754e+000  2.4316319882780632e-001
  9.3900000000000000e+002  3.5540563318243064e+000  2.4306921734086118e-001
  9.4000000000000000e+002  3.5536718294102689e+000  2.4297334379377292e-001
  9.4100000000000000e+002  3.5532877210217473e+000  2.4287553417194913e-001
  9.4200000000000000e+002  3.5529040957694238e+000  2.4277574446079730e-001
  9.4300000000000000e+002  3.5525210427639822e+000  2.4267393064572496e-001
  9.4400000000000000e+002  3.5521386511161057e+000  2.4257004945960151e-001
  9.4500000000000000e+002  3.5517570099364772e+000  2.4246418610892417e-001
  9.4600000000000000e+002  3.5513762083357805e+000  2.4235642912480954e-001
  9.4700000000000000e+002  3.5509963354246978e+000  2.4224678884128970e-001
  9.4800000000000000e+002  3.5506174803139134e+000  2.4213527559239670e-001
  9.4900000000000000e+002  3.5502397321141097e+000  2.4202189971216267e-001
  9.5000000000000000e+002  3.5498631799359703e+000  2.4190667153461967e-001
  9.5100000000000000e+002  3.5494879128901782e+000  2.4178960139379976e-001
  9.5200000000000000e+002  3.5491140200874169e+000  2.4167069962373505e-001
  9.5300000000000000e+002  3.5487415906383695e+000  2.4154997655845764e-001
  9.5400000000000000e+002  3.5483707136537190e+000  2.4142744253199958e-001
  9.5500000000000000e+002  3.5480014782441489e+000  2.4130310787839296e-001
  9.5600000000000000e+002  3.5476339735203419e+000  2.4117698293166986e-001
  9.5700000000000000e+002  3.5472682885929818e+000  2.4104907802586237e-001
  9.5800000000000000e+002  3.5469045125727519e+000  2.4091940349500260e-001
  9.5900000000000000e+002  3.5465427345703344e+000  2.4078796967312258e-001
  9.6000000000000000e+002  3.5461830436964137e+000  2.4065478689425443e-001
  9.6100000000000000e+002  3.5458255290616725e+000  2.4051986549243023e-001
  9.6200000000000000e+002  3.5454702797767936e+000  2.4038321580168204e-001
  9.6300000000000000e+002  3.5451173849524609e+000  2.4024484815604194e-001
  9.6400000000000000e+002  3.5447669336993575e+000  2.4010477288954207e-001
  9.6500000000000000e+002  3.5444190151281663e+000  2.3996300033621445e-001
  9.6600000000000000e+002  3.5440737183495705e+000  2.3981954083009119e-001
  9.6700000000000000e+002  3.5437311324742535e+000  2.3967440470520437e-001
  9.6800000000000000e+002  3.5433913466128986e+000  2.3952760229558606e-001
  9.6900000000000000e+002  3.5430544498761884e+000  2.3937914393526841e-001
  9.7000000000000000e+002  3.5427205313748069e+000  2.3922903995828340e-001
  9.7100000000000000e+002  3.5423896802194368e+000  2.3907730069866315e-001
  9.7200000000000000e+002  3.5420619855207618e+000  2.3892393649043980e-001
  9.7300000000000000e+002  3.5417375363894648e+000  2.3876895766764536e-001
  9.7400000000000000e+002  3.5414164219362285e+000  2.3861237456431195e-001
  9.7500000000000000e+002  3.5410987312717372e+000  2.3845419751447167e-001
  9.7600000000000000e+002  3.5407845535066733e+000  2.3829443685215651e-001
  9.7700000000000000e+002  3.5404739777517200e+000  2.3813310291139866e-001
  9.7800000000000000e+002  3.5401670931175611e+000  2.3797020602623017e-001
  9.7900000000000000e+002  3.5398639887148788e+000  2.3780575653068312e-001
  9.8000000000000000e+002  3.5395647536543575e+000  2.3763976475878956e-001
  9.8100000000000000e+002  3.5392694770466795e+000  2.3747224104458164e-001
  9.8200000000000000e+002  3.5389782480025289e+000  2.3730319572209138e-001
  9.8300000000000000e+002  3.5386911556325877e+000  2.3713263912535087e-001
  9.8400000000000000e+002  3.5384082890475401e+000  2.3696058158839226e-001
  9.8500000000000000e+002  3.5381297373580689e+000  2.3678703344524754e-001
  9.8600000000000000e+002  3.5378555896748578e+000  2.3661200502994889e-001
  9.8700000000000000e+002  3.5375859351085892e+000  2.3643550667652830e-001
  9.8800000000000000e+002  3.5373208627699468e+000  2.3625754871901786e-001
  9.8900000000000000e+002  3.5370604617696135e+000  2.3607814149144976e-001
  9.9000000000000000e+002  3.5368048212182730e+000  2.3589729532785597e-001
  9.9100000000000000e+002  3.5365540302266081e+000  2.3571502056226859e-001
  9.9200000000000000e+002  3.5363081779053021e+000  2.3553132752871977e-001
  9.9300000000000000e+002  3.5360673533650382e+000  2.3534622656124152e-001
  9.9400000000000000e+002  3.5358316457164998e+000  2.3515972799386595e-001
  9.9500000000000000e+002  3.5356011440703696e+000  2.3497184216062519e-001
  9.9600000000000000e+002  3.5353759375373315e+000  2.3478257939555122e-001
  9.9700000000000000e+002  3.5351561152280686e+000  2.3459195003267619e-001
  9.9800000000000000e+002  3.5349417662532634e+000  2.3439996440603220e-001
  9.9900000000000000e+002  3.5347329797236000e+000  2.3420663284965129e-001
  1.0000000000000000e+003  3.5345298447497608e+000  2.3401196569756555e-001
  1.0010000000000000e+003  3.5343324504424296e+000  2.3381597328380710e-001
  1.0020000000000000e+003  3.5341408859122891e+000  2.3361866594240796e-001
  1.0030000000000000e+003  3.5339552402700232e+000  2.3342005400740029e-001
  1.0040000000000000e+003  3.5337756026263145e+000  2.3322014781281611e-001
  1.0050000000000000e+003  3.5336020620918469e+000  2.3301895769268749e-001
  1.0060000000000000e+003  3.5334347077773027e+000  2.3281649398104662e-001
  1.0070000000000000e+003  3.5332736287933657e+000  2.3261276701192546e-001
  1.0080000000000000e+003  3.5331189142507187e+000  2.3240778711935611e-001
  1.0090000000000000e+003  3.5329706532600453e+000  2.3220156463737077e-001
  1.0100000000000000e+003  3.5328289349320285e+000  2.3199410990000138e-001
  1.0110000000000000e+003  3.5326938483773520e+000  2.3178543324128009e-001
  1.0120000000000000e+003  3.5325654827066981e+000  2.3157554499523902e-001
  1.0130000000000000e+003  3.5324439270307506e+000  2.3136445549591014e-001
  1.0140000000000000e+003  3.5323292704601927e+000  2.3115217507732563e-001
  1.0150000000000000e+003  3.5322193596550511e+000  2.3093871407351757e-001
  1.0160000000000000e+003  3.5321100074379048e+000  2.3072408281851800e-001
  1.0170000000000000e+003  3.5320011302211030e+000  2.3050829164635905e-001
  1.0180000000000000e+003  3.5318927439522314e+000  2.3029135089107272e-001
  1.0190000000000000e+003  3.5317848645788765e+000  2.3007327088669113e-001
  1.0200000000000000e+003  3.5316775080486242e+000  2.2985406196724645e-001
  1.0210000000000000e+003  3.5315706903090609e+000  2.2963373446677066e-001
  1.0220000000000000e+003  3.5314644273077724e+000  2.2941229871929586e-001
  1.0230000000000000e+003  3.5313587349923452e+000  2.2918976505885419e-001
  1.0240000000000000e+003  3.5312536293103656e+000  2.2896614381947764e-001
  1.0250000000000000e+003  3.5311491262094195e+000  2.2874144533519836e-001
  1.0260000000000000e+003  3.5310452416370932e+000  2.2851567994004846e-001
  1.0270000000000000e+003  3.5309419915409723e+000  2.2828885796805992e-001
  1.0280000000000000e+003  3.5308393918686440e+000  2.2806098975326489e-001
  1.0290000000000000e+003  3.5307374585676938e+000  2.2783208562969548e-001
  1.0300000000000000e+003  3.5306362075857081e+000  2.2760215593138372e-001
  1.0310000000000000e+003  3.5305356548702731e+000  2.2737121099236168e-001
  1.0320000000000000e+003  3.5304358163689749e+000  2.2713926114666155e-001
  1.0330000000000000e+003  3.5303367080293997e+000  2.2690631672831529e-001
  1.0340000000000000e+003  3.5302383457991335e+000  2.2667238807135509e-001
  1.0350000000000000e+003  3.5301407456257623e+000  2.2643748550981291e-001
  1.0360000000000000e+003  3.5300439234568732e+000  2.2620161937772088e-001
  1.0370000000000000e+003  3.5299478952400514e+000  2.2596480000911118e-001
  1.0380000000000000e+003  3.5298526769228835e+000  2.2572703773801572e-001
  1.0390000000000000e+003  3.5297582844529556e+000  2.2548834289846673e-001
  1.0400000000000000e+003  3.5296647337778539e+000  2.2524872582449626e-001
  1.0410000000000000e+003  3.5295720408451645e+000  2.2500819685013632e-001
  1.0420000000000000e+003  3.5294802216024737e+000  2.2476676630941905e-001
  1.0430000000000000e+003  3.5293892919973673e+000  2.2452444453637660e-001
  1.0440000000000000e+003  3.5292992679774322e+000  2.2428124186504089e-001
  1.0450000000000000e+003  3.5292101654902539e+000  2.2403716862944412e-001
  1.0460000000000000e+003  3.5291220004834192e+000  2.2379223516361840e-001
  1.0470000000000000e+003  3.5290347889045135e+000  2.2354645180159571e-001
  1.0480000000000000e+003  3.5289485467011232e+000  2.2329982887740824e-001
  1.0490000000000000e+003  3.5288632898208352e+000  2.2305237672508793e-001
  1.0500000000000000e+003  3.5287790342112348e+000  2.2280410567866699e-001
  1.0510000000000000e+003  3.5286957958199086e+000  2.2255502607217748e-001
  1.0520000000000000e+003  3.5286135905944422e+000  2.2230514823965145e-001
  1.0530000000000000e+003  3.5285324344824227e+000  2.2205448251512097e-001
  1.0540000000000000e+003  3.5284523434314359e+000  2.2180303923261821e-001
  1.0550000000000000e+003  3.5283733333890677e+000  2.2155082872617515e-001
  1.0560000000000000e+003  3.5282954203029044e+000  2.2129786132982390e-001
  1.0570000000000000e+003  3.5282186201205326e+000  2.2104414737759664e-001
  1.0580000000000000e+003  3.5281429487895375e+000  2.2078969720352531e-001
  1.0590000000000000e+003  3.5280684222575065e+000  2.2053452114164204e-001
  1.0600000000000000e+003  3.5279950564720246e+000  2.2027862952597899e-001
  1.0610000000000000e+003  3.5279228673806786e+000  2.2002203269056814e-001
  1.0620000000000000e+003  3.5278518709310549e+000  2.1976474096944162e-001
  1.0630000000000000e+003  3.5277820830707394e+000  2.1950676469663155e-001
  1.0640000000000000e+003  3.5277135197473179e+000  2.1924811420616991e-001
  1.0650000000000000e+003  3.5276461969083774e+000  2.1898879983208891e-001
  1.0660000000000000e+003  3.5275801305015033e+000  2.1872883190842052e-001
  1.0670000000000000e+003  3.5275153364742819e+000  2.1846822076919686e-001
  1.0680000000000000e+003  3.5274518307743001e+000  2.1820697674845008e-001
  1.0690000000000000e+003  3.5273896293491429e+000  2.1794511018021215e-001
  1.0700000000000000e+003  3.5273287481463975e+000  2.1768263139851521e-001
  1.0710000000000000e+003  3.5272692031136494e+000  2.1741955073739139e-001
  1.0720000000000000e+003  3.5272110101984850e+000  2.1715587853087268e-001
  1.0730000000000000e+003  3.5271541853484911e+000  2.1689162511299120e-001
  1.0740000000000000e+003  3.5270987445112527e+000  2.1662680081777913e-001
  1.0750000000000000e+003  3.5270447036343566e+000  2.1636141597926836e-001
  1.0760000000000000e+003  3.5269920786653892e+000  2.1609548093149111e-001
  1.0770000000000000e+003  3.5269408855519364e+000  2.1582900600847948e-001
  1.0780000000000000e+003  3.5268911402415841e+000  2.1556200154426544e-001
  1.0790000000000000e+003  3.5268428586819192e+000  2.1529447787288114e-001
  1.0800000000000000e+003  3.5267960568205270e+000  2.1502644532835871e-001
  1.0810000000000000e+003  3.5267507506049940e+000  2.1475791424473015e-001
  1.0820000000000000e+003  3.5267069559829070e+000  2.1448889495602760e-001
  1.0830000000000000e+003  3.5266646889018514e+000  2.1421939779628310e-001
  1.0840000000000000e+003  3.5266239653094136e+000  2.1394943309952871e-001
  1.0850000000000000e+003  3.5265848011531795e+000  2.1367901119979663e-001
  1.0860000000000000e+003  3.5265472123807360e+000  2.1340814243111883e-001
  1.0870000000000000e+003  3.5265112149396689e+000  2.1313683712752740e-001
  1.0880000000000000e+003  3.5264768247775642e+000  2.1286510562305452e-001
  1.0890000000000000e+003  3.5264440578420078e+000  2.1259295825173216e-001
  1.0900000000000000e+003  3.5264129300805869e+000  2.1232040534759244e-001
  1.0910000000000000e+003  3.5263834574408865e+000  2.1204745724466750e-001
  1.0920000000000000e+003  3.5263556558704936e+000  2.1177412427698933e-001
  1.0930000000000000e+003  3.5263295413169939e+000  2.1150041677859005e-001
  1.0940000000000000e+003  3.5263051297279739e+000  2.1122634508350183e-001
  1.0950000000000000e+003  3.5262824370510200e+000  2.1095191952575659e-001
  1.0960000000000000e+003  3.5262614792337175e+000  2.1067715043938659e-001
  1.0970000000000000e+003  3.5262422722236533e+000  2.1040204815842373e-001
  1.0980000000000000e+003  3.5262248319684133e+000  2.1012662301690022e-001
  1.0990000000000000e+003  3.5262091744155839e+000  2.0985088534884810e-001
  1.1000000000000000e+003  3.5261953155127510e+000  2.0957484548829947e-001
  1.1010000000000000e+003  3.5261832712075005e+000  2.0929851376928638e-001
  1.1020000000000000e+003  3.5261730574474193e+000  2.0902190052584096e-001
  1.1030000000000000e+003  3.5261646901800932e+000  2.0874501609199525e-001
  1.1040000000000000e+003  3.5261581853531085e+000  2.0846787080178134e-001
  1.1050000000000000e+003  3.5261535589140514e+000  2.0819047498923138e-001
  1.1060000000000000e+003  3.5261508268105075e+000  2.0791283898837734e-001
  1.1070000000000000e+003  3.5261500049900638e+000  2.0763497313325138e-001

