301.350372  2.771338    1.922938
302.93866   2.7947      1.918462
304.526978  2.817661    1.912935
306.115326  2.840163    1.906504
307.703705  2.862175    1.899288
309.292175  2.883679    1.89139
310.880646  2.904668    1.882896
312.469147  2.925142    1.873882
314.057678  2.945107    1.864417
315.646301  2.96457     1.85456
317.234924  2.983545    1.844364
318.823547  3.002047    1.833875
320.412262  3.020092    1.823136
322.001007  3.0377      1.812184
323.589783  3.054894    1.801051
325.178558  3.071697    1.789766
326.767395  3.08814     1.77835
328.356262  3.104251    1.766808
329.94516   3.120045    1.755142
331.534088  3.135533    1.743357
333.123047  3.150725    1.731457
334.712036  3.165628    1.719447
336.301056  3.180251    1.707332
337.890076  3.194599    1.695119
339.479187  3.20868     1.682811
341.068298  3.222499    1.670413
342.65741   3.236063    1.657931
344.246582  3.249377    1.645369
345.835754  3.262447    1.63273
347.424988  3.27528     1.620019
349.014221  3.287881    1.607239
350.603455  3.300256    1.594394
352.192749  3.312414    1.581485
353.782074  3.324362    1.568515
355.371399  3.33611     1.555484
356.960754  3.347668    1.542385
358.55014   3.359039    1.529209
360.139526  3.370224    1.51595
361.728943  3.381221    1.502602
363.31842   3.392029    1.48916
364.907867  3.402644    1.475622
366.497345  3.413063    1.461984
368.086853  3.423282    1.448242
369.676331  3.433297    1.434395
371.2659    3.443103    1.420441
372.855438  3.452694    1.406379
374.445007  3.462065    1.392208
376.034607  3.471209    1.377926
377.624207  3.48012     1.363534
379.213806  3.48879     1.349032
380.803406  3.49721     1.33442
382.393066  3.505373    1.319698
383.982727  3.513267    1.304869
385.572388  3.520881    1.289932
387.162048  3.528201    1.274892
388.75177   3.535208    1.259752
390.341461  3.541877    1.244527
391.931152  3.548193    1.229244
393.520874  3.554154    1.213927
395.110626  3.559759    1.198599
396.700348  3.565009    1.18328
398.2901    3.569909    1.167986
399.879822  3.574463    1.152736
401.469604  3.578677    1.137545
403.059387  3.582557    1.122425
404.649139  3.586111    1.107392
406.238922  3.589346    1.092457
407.828705  3.592271    1.077631
409.418488  3.594894    1.062927
411.00824   3.597223    1.048353
412.598053  3.599268    1.033918
414.187836  3.601038    1.019633
415.777649  3.602542    1.005504
417.367432  3.603791    0.99154
418.957275  3.604793    0.977747
420.547058  3.605561    0.964134
422.136871  3.606103    0.950705
423.726654  3.606431    0.937467
425.316467  3.606557    0.924424
426.90625   3.606493    0.911583
428.496033  3.606251    0.898948
430.085785  3.605847    0.886522
431.675598  3.605298    0.874304
433.265381  3.604618    0.86229
434.855133  3.603817    0.850473
436.444916  3.602904    0.838849
438.034668  3.601886    0.827413
439.62442   3.60077     0.816161
441.214203  3.599563    0.805089
442.803894  3.59827     0.794194
444.393646  3.596896    0.783471
445.983398  3.595447    0.772917
447.57309   3.593926    0.76253
449.162781  3.592339    0.752306
450.752502  3.59069     0.742242
452.342194  3.588982    0.732334
453.931824  3.58722     0.722582
455.521545  3.585406    0.712981
457.111176  3.583545    0.70353
458.700775  3.581641    0.694225
460.290436  3.579695    0.685065
461.880035  3.577713    0.676046
463.469635  3.575696    0.667168
465.059174  3.573648    0.658427
466.648743  3.571571    0.649822
468.238281  3.56947     0.641349
469.827789  3.567347    0.633008
471.417328  3.565205    0.624796
473.006775  3.563047    0.616712
474.596283  3.560877    0.608752
476.18573   3.558697    0.600916
477.775146  3.556511    0.593202
479.364563  3.554324    0.585606
480.953949  3.552138    0.578129
482.543304  3.549961    0.570765
484.13266   3.547796    0.563511
485.721985  3.545648    0.556361
487.311279  3.543518    0.549308
488.900543  3.541407    0.542347
490.489807  3.539318    0.535475
492.07901   3.53725     0.528685
493.668213  3.535205    0.521973
495.257416  3.533182    0.515335
496.846527  3.531183    0.508767
498.435638  3.529206    0.502265
500.02475   3.527251    0.495825
501.613831  3.525319    0.489442
503.20282   3.523409    0.483114
504.79184   3.521519    0.476837
506.380798  3.51965     0.470607
507.969788  3.5178      0.464421
509.558685  3.515969    0.458277
511.147552  3.514154    0.452171
512.73645   3.512356    0.4461
514.325256  3.510573    0.440061
515.914001  3.508803    0.434052
517.502747  3.507045    0.428071
519.091431  3.505298    0.422114
520.680115  3.50356     0.416179
522.268799  3.501829    0.410263
523.857361  3.500103    0.404366
525.445923  3.498382    0.398484
527.034485  3.496661    0.392615
528.622986  3.494941    0.386757
530.211426  3.493219    0.380909
531.799866  3.491491    0.375068
533.388245  3.489757    0.369232
534.976563  3.488013    0.363401
536.564819  3.486257    0.357572
538.153137  3.484486    0.351743
539.741333  3.482697    0.345914
541.329468  3.480887    0.340082
542.917603  3.479051    0.334246
544.505737  3.477187    0.328405
546.09375   3.475288    0.322558
547.681763  3.473348    0.316704
549.269653  3.471359    0.310848
550.857544  3.46932     0.304994
552.445435  3.467226    0.299145
554.033264  3.465075    0.293306
555.620972  3.462867    0.28748
557.20874   3.460599    0.28167
558.796387  3.45827     0.27588
560.384033  3.455881    0.270112
561.971558  3.45343     0.264371
563.559082  3.450917    0.258658
565.146606  3.448343    0.252977
566.734009  3.445707    0.24733
568.32135   3.44301     0.24172
569.90863   3.440251    0.23615
571.495911  3.437432    0.23062
573.08313   3.434553    0.225135
574.670288  3.431615    0.219696
576.257324  3.428617    0.214305
577.84436   3.425563    0.208965
579.431335  3.422451    0.203677
581.018311  3.419283    0.198443
582.605164  3.41606     0.193265
584.192017  3.412784    0.188145
585.778687  3.409454    0.183085
587.365417  3.406073    0.178085
588.952026  3.402642    0.173149
590.538635  3.399161    0.168277
592.125122  3.395632    0.163471
593.711609  3.392057    0.158731
595.297974  3.388437    0.154061
596.884338  3.384773    0.149461
598.470581  3.381067    0.144932
600.056763  3.37732     0.140476
601.642944  3.373534    0.136094
603.229004  3.36971     0.131787
604.815063  3.36585     0.127556
606.401001  3.361956    0.123402
607.986877  3.358029    0.119327
609.572632  3.354072    0.115331
611.158447  3.350085    0.111415
612.74408   3.346071    0.107581
614.329712  3.342032    0.103829
615.915283  3.337969    0.100161
617.500732  3.333884    0.096577
619.086121  3.329781    0.093077
620.671509  3.32566     0.089664
622.256714  3.321524    0.086337
623.841919  3.317375    0.083097
625.427063  3.313216    0.079946
627.012085  3.30905     0.076884
628.597046  3.304879    0.073911
630.181946  3.300706    0.071029
631.766785  3.296536    0.068237
633.351501  3.292372    0.065536
634.936157  3.28822     0.062924
636.520813  3.284082    0.060398
638.105347  3.279961    0.057956
639.689758  3.275859    0.055596
641.274109  3.271778    0.053316
642.858459  3.26772     0.051113
644.442627  3.263686    0.048987
646.026733  3.259678    0.046934
647.610779  3.255697    0.044953
649.194763  3.251745    0.043042
650.778687  3.247821    0.041198
652.362488  3.243928    0.039422
653.946167  3.240066    0.037709
655.529846  3.236236    0.03606
657.113403  3.232439    0.034471
658.696899  3.228675    0.032942
660.280273  3.224945    0.031471
661.863586  3.22125     0.030056
663.446777  3.217589    0.028695
665.029907  3.213964    0.027388
666.612976  3.210375    0.026132
668.195923  3.206822    0.024926
669.778809  3.203306    0.023768
671.361572  3.199827    0.022658
672.944275  3.196384    0.021594
674.526917  3.192979    0.020574
676.109375  3.189611    0.019597
677.691833  3.186281    0.018661
679.27417   3.182988    0.017766
680.856384  3.179733    0.016911
682.438538  3.176516    0.016093
684.02063   3.173337    0.015312
685.6026    3.170195    0.014566
687.184448  3.167091    0.013855
688.766235  3.164025    0.013177
690.3479    3.160996    0.012531
691.929504  3.158005    0.011915
693.510925  3.155052    0.01133
695.092346  3.152136    0.010773
696.673645  3.149256    0.010244
698.254822  3.146415    0.009742
699.835938  3.143609    0.009265
701.416931  3.140841    0.008813
702.997864  3.138108    0.008385
704.578613  3.135412    0.00798
706.159302  3.132752    0.007596
707.739929  3.130127    0.007233
709.320435  3.127538    0.006891
710.900757  3.124985    0.006567
712.481079  3.122465    0.006262
714.061279  3.119981    0.005974
715.641357  3.11753     0.005703
717.221313  3.115113    0.005447
718.801208  3.11273     0.005207
720.380981  3.11038     0.004981
721.960632  3.108063    0.004768
723.540161  3.105778    0.004568
725.119629  3.103526    0.00438
726.698975  3.101305    0.004203
728.278198  3.099114    0.004037
729.8573    3.096955    0.00388
731.43634   3.094826    0.003733
733.015259  3.092727    0.003595
734.593994  3.090658    0.003464
736.172729  3.088617    0.003341
737.751282  3.086605    0.003224
739.329712  3.08462     0.003113
740.908081  3.082663    0.003008
742.486267  3.080733    0.002907
744.064392  3.078829    0.002811
745.642395  3.076951    0.002719
747.220276  3.075097    0.00263
748.798035  3.073268    0.002543
750.375671  3.071462    0.002459
751.953247  3.069679    0.002377
753.53064   3.067917    0.002297
755.107971  3.066177    0.00222
756.68512   3.064457    0.002144
758.262146  3.062757    0.00207
759.839111  3.061077    0.001999
761.415894  3.059416    0.001929
762.992615  3.057773    0.001861
764.569214  3.056149    0.001795
766.14563   3.054544    0.001731
767.722046  3.052955    0.001669
769.298218  3.051385    0.001608
770.874329  3.049831    0.001549
772.450256  3.048293    0.001492
774.026123  3.046772    0.001436
775.601807  3.045268    0.001382
777.177368  3.043778    0.00133
778.752869  3.042305    0.001279
780.328186  3.040846    0.001229
781.903442  3.039403    0.001181
783.478455  3.037974    0.001135
785.053406  3.03656     0.00109
786.628235  3.03516     0.001046
788.202942  3.033774    0.001003
789.777466  3.032402    0.000962
791.351929  3.031043    0.000922
792.926208  3.029698    0.000884
794.500366  3.028366    0.000847
796.074402  3.027047    0.00081
797.648315  3.025741    0.000775
799.222046  3.024447    0.000742
800.795715  3.023166    0.000709
802.369202  3.021897    0.000677
803.942566  3.02064     0.000647
805.515747  3.019394    0.000617
807.088867  3.018161    0.000589
808.661804  3.016939    0.000561
810.234619  3.015728    0.000535
811.807312  3.014529    0.000509
813.379822  3.013341    0.000484
814.952271  3.012164    0.000461
816.524536  3.010997    0.000438
818.096619  3.009841    0.000416
819.668579  3.008696    0.000394
821.240417  3.00756     0.000374
822.812134  3.006436    0.000354
824.383667  3.005321    0.000336
825.955078  3.004216    0.000317
827.526367  3.003121    0.0003
829.097473  3.002035    0.000283
830.668457  3.000959    0.000267
832.239258  2.999893    0.000252
833.809937  2.998836    0.000237
835.380493  2.997788    0.000223
836.950867  2.996749    0.00021
838.521118  2.995719    0.000197
840.091187  2.994698    0.000185
841.661133  2.993686    0.000173
843.230957  2.992682    0.000162
844.800598  2.991688    0.000151
846.369995  2.990701    0.000141
847.939331  2.989723    0.000131
849.508606  2.988753    0.000122
851.077637  2.987791    0.000114
852.646484  2.986837    0.000105
854.21521   2.985891    0.000098
855.783813  2.984953    0.00009
857.352234  2.984023    0.000083
858.920532  2.9831      0.000077
860.488586  2.982185    0.000071
862.056519  2.981277    0.000065
863.62439   2.980377    0.000059
865.192017  2.979484    0.000054
866.75946   2.978599    0.000049
868.326843  2.97772     0.000045
869.893921  2.976849    0.00004
871.46106   2.975984    0.000037
873.027832  2.975127    0.000033
874.594543  2.974276    0.00003
876.161011  2.973432    0.000026
877.727417  2.972595    0.000023
879.29364   2.971764    0.000021
880.85968   2.97094     0.000018
882.425476  2.970122    0.000016
883.991211  2.969311    0.000014
885.556824  2.968506    0.000012
887.122192  2.967707    0.000011
888.687378  2.966914    0.000009
890.252441  2.966128    0.000008
891.817261  2.965347    0.000006
893.382019  2.964573    0.000005
894.946594  2.963804    0.000004
896.510925  2.963041    0.000004
898.075195  2.962284    0.000003
899.639282  2.961533    0.000002
901.203125  2.960787    0.000002
902.766785  2.960047    0.000001
904.330261  2.959312    0.000001
905.893677  2.958583    0.000001
907.456848  2.957859    0
909.019836  2.95714     0
910.582703  2.956427    0
912.145325  2.955719    0
913.707825  2.955017    0
915.270142  2.954319    0
916.832336  2.953626    0
918.394226  2.952938    0
919.956055  2.952255    0
921.5177    2.951578    0
923.079102  2.950905    0
924.64032   2.950236    0
926.201355  2.949573    0
927.762329  2.948914    0
929.323059  2.948259    0
930.883484  2.947609    0
932.443848  2.946964    0
934.004089  2.946323    0
935.564087  2.945686    0
937.12384   2.945054    0
938.683472  2.944426    0
940.242859  2.943803    0
941.802124  2.943183    0
943.361206  2.942568    0
944.920105  2.941957    0
946.478821  2.94135     0
948.037292  2.940747    0
949.595581  2.940148    0
951.153687  2.939553    0
952.711731  2.938962    0
954.269409  2.938375    0
955.826965  2.937792    0
957.384399  2.937213    0
958.941528  2.936637    0
960.498535  2.936065    0
962.055359  2.935497    0
963.611938  2.934933    0
965.168335  2.934372    0
966.724487  2.933815    0
968.280579  2.933261    0
969.836426  2.932711    0
971.39209   2.932164    0
972.947449  2.931621    0
974.502747  2.931081    0
976.0578    2.930545    0
977.61261   2.930012    0
979.167297  2.929483    0
980.72168   2.928956    0
982.276001  2.928433    0
983.829956  2.927914    0
985.383911  2.927397    0
986.9375    2.926884    0
988.490906  2.926374    0
990.04425   2.925867    0
991.59729   2.925363    0
993.150085  2.924862    0
994.702759  2.924365    0
996.255188  2.92387 0
997.807434  2.923378    0
999.359375  2.922889    0
1011.95813  2.919027    0
1015.335327 2.918022    0
1018.713074 2.91703 0
1022.091431 2.91605 0
1025.470337 2.915081    0
1028.849854 2.914125    0
1032.229736 2.91318 0
1035.610474 2.912246    0
1038.991577 2.911324    0
1042.373291 2.910412    0
1045.755615 2.909511    0
1049.13855  2.908621    0
1052.522095 2.907741    0
1055.906006 2.906871    0
1059.290649 2.906011    0
1062.675903 2.905161    0
1066.061646 2.904321    0
1069.447998 2.903491    0
1072.834717 2.902669    0
1076.22229  2.901858    0
1079.610229 2.901055    0
1082.998901 2.900261    0
1086.388062 2.899476    0
1089.777832 2.8987  0
1093.168213 2.897932    0
1096.55896  2.897173    0
1099.950439 2.896422    0
1103.342529 2.895679    0
1106.735107 2.894944    0
1110.128174 2.894217    0
1113.521973 2.893498    0
1116.91626  2.892786    0
1120.311279 2.892082    0
1123.706665 2.891386    0
1127.102661 2.890697    0
1130.499268 2.890015    0
1133.896362 2.88934 0
1137.294189 2.888672    0
1140.692505 2.888011    0
1144.091309 2.887357    0
1147.490845 2.886709    0
1150.890869 2.886069    0
1154.291382 2.885434    0
1157.692627 2.884807    0
1161.09436  2.884185    0
1164.496582 2.88357 0
1167.899536 2.882961    0
1171.302979 2.882358    0
1174.706909 2.881761    0
1178.111572 2.88117 0
1181.516724 2.880584    0
1184.922485 2.880005    0
1188.328735 2.879431    0
1191.735596 2.878862    0
1195.143066 2.878299    0
1198.551025 2.877742    0
1201.959717 2.87719 0
1205.368896 2.876643    0
1208.778564 2.876102    0
1212.188843 2.875566    0
1215.599731 2.875034    0
1219.011108 2.874508    0
1222.423096 2.873986    0
1225.835693 2.87347 0
1229.248901 2.872958    0
1232.662598 2.872452    0
1236.076904 2.871949    0
1239.491821 2.871452    0
1242.907227 2.870959    0
1246.323242 2.87047 0
1249.739746 2.869986    0
1253.156982 2.869507    0
1256.574585 2.869031    0
1259.99292  2.86856 0
1263.411865 2.868094    0
1266.831299 2.867631    0
1270.251221 2.867173    0
1273.671753 2.866718    0
1277.093018 2.866268    0
1280.514648 2.865822    0
1283.937012 2.865379    0
1287.359863 2.864941    0
1290.783325 2.864506    0
1294.207275 2.864075    0
1297.631836 2.863648    0
1301.056885 2.863224    0
1304.482666 2.862804    0
1307.908936 2.862388    0
1311.335815 2.861976    0
1314.763306 2.861567    0
1318.191162 2.861161    0
1321.619873 2.860759    0
1325.04895  2.86036 0
1328.47876  2.859964    0
1331.908936 2.859572    0
1335.339844 2.859183    0
1338.77124  2.858798    0
1342.203247 2.858415    0
1345.635742 2.858036    0
1349.06897  2.85766 0
1352.502686 2.857287    0
1355.93689  2.856917    0
1359.371826 2.85655 0
1362.807129 2.856186    0
1366.243164 2.855825    0
1369.679688 2.855467    0
1373.116943 2.855112    0
1376.554565 2.85476 0
1379.99292  2.85441 0
1383.431641 2.854064    0
1386.871094 2.85372 0
1390.311035 2.853379    0
1393.751709 2.85304 0
1397.192749 2.852704    0
1400.634521 2.852371    0
1404.076782 2.852041    0
1407.519531 2.851713    0
1410.963013 2.851387    0
1414.406982 2.851064    0
1417.851563 2.850744    0
1421.296631 2.850426    0
1424.742432 2.850111    0
1428.188599 2.849798    0
1431.635498 2.849487    0
1435.082886 2.849179    0
1438.530884 2.848873    0
1441.97937  2.848569    0
1445.428467 2.848268    0
1448.878174 2.847969    0
1452.328491 2.847672    0
1455.779297 2.847378    0
1459.230713 2.847085    0
1462.682739 2.846795    0
1466.135254 2.846507    0
1469.588379 2.846221    0
1473.042114 2.845937    0
1476.496338 2.845656    0
1479.951172 2.845376    0
1483.406494 2.845099    0
1486.862549 2.844823    0
1490.319092 2.84455 0
1493.776123 2.844278    0
1497.233887 2.844009    0
1500.692139 2.843741    0
1504.151001 2.843475    0
1507.610352 2.843212    0
1511.070313 2.84295 0
1514.530884 2.84269 0
1517.991943 2.842432    0
1521.453613 2.842175    0
1524.915894 2.841921    0
1528.378662 2.841668    0
1531.842041 2.841417    0
1535.30603  2.841168    0
1538.77063  2.84092 0
1542.235718 2.840675    0
1545.701416 2.840431    0
1549.167725 2.840189    0
1552.634521 2.839948    0
1556.101807 2.839709    0
1559.569824 2.839472    0
1563.03833  2.839236    0
1566.507568 2.839002    0
1569.977173 2.838769    0
1573.44751  2.838538    0
1576.918213 2.838309    0
1580.389648 2.838081    0
1583.861572 2.837855    0
1587.334106 2.837631    0
1590.807251 2.837407    0
1594.280884 2.837186    0
1597.755127 2.836965    0
1601.22998  2.836746    0
1604.705322 2.836529    0
1608.181274 2.836313    0
1611.657837 2.836099    0
1615.13501  2.835886    0
1618.612549 2.835674    0
1622.09082  2.835464    0
1625.56958  2.835255    0
1629.049072 2.835048    0
1632.529053 2.834841    0
1636.009521 2.834637    0
1639.490601 2.834433    0
1642.97229  2.834231    0
1646.454468 2.83403 0
1649.937256 2.833831    0
1653.420654 2.833632    0
1656.904663 2.833435    0
1660.389282 2.83324 0
1663.874268 2.833045    0
1667.359985 2.832852    0
1670.846069 2.832659    0
1674.333008 2.832469    0
1677.820313 2.832279    0
1681.308228 2.832091    0
1684.796875 2.831903    0
1688.285889 2.831717    0
