301.350372  2.755194  1.922765
302.938660  2.774726  1.914021
304.526978  2.794037  1.905461
306.115326  2.813122  1.897046
307.703705  2.831975  1.888742
309.292175  2.850590  1.880512
310.880646  2.868964  1.872327
312.469147  2.887096  1.864155
314.057678  2.904985  1.855971
315.646301  2.922629  1.847747
317.234924  2.940029  1.839461
318.823547  2.957186  1.831090
320.412262  2.974101  1.822613
322.001007  2.990777  1.814011
323.589783  3.007217  1.805267
325.178558  3.023422  1.796364
326.767395  3.039398  1.787288
328.356262  3.055152  1.778030
329.945160  3.070694  1.768583
331.534088  3.086030  1.758942
333.123047  3.101172  1.749100
334.712036  3.116126  1.739053
336.301056  3.130900  1.728797
337.890076  3.145504  1.718329
339.479187  3.159945  1.707646
341.068298  3.174232  1.696744
342.657410  3.188370  1.685621
344.246582  3.202369  1.674277
345.835754  3.216236  1.662710
347.424988  3.229977  1.650919
349.014221  3.243601  1.638903
350.603455  3.257113  1.626662
352.192749  3.270521  1.614197
353.782074  3.283832  1.601508
355.371399  3.297043  1.588601
356.960754  3.310128  1.575498
358.550140  3.323061  1.562221
360.139526  3.335818  1.548789
361.728943  3.348374  1.535222
363.318420  3.360706  1.521534
364.907867  3.372794  1.507744
366.497345  3.384617  1.493865
368.086853  3.396156  1.479909
369.676331  3.407394  1.465889
371.265900  3.418313  1.451815
372.855438  3.428897  1.437699
374.445007  3.439132  1.423548
376.034607  3.449004  1.409371
377.624207  3.458498  1.395174
379.213806  3.467603  1.380965
380.803406  3.476308  1.366750
382.393066  3.484600  1.352532
383.982727  3.492470  1.338318
385.572388  3.499907  1.324111
387.162048  3.506904  1.309914
388.751770  3.513459  1.295731
390.341461  3.519601  1.281567
391.931152  3.525359  1.267426
393.520874  3.530762  1.253315
395.110626  3.535837  1.239238
396.700348  3.540610  1.225201
398.290100  3.545106  1.211209
399.879822  3.549348  1.197268
401.469604  3.553360  1.183382
403.059387  3.557163  1.169557
404.649139  3.560777  1.155799
406.238922  3.564222  1.142112
407.828705  3.567517  1.128502
409.418488  3.570679  1.114975
411.008240  3.573726  1.101536
412.598053  3.576675  1.088188
414.187836  3.579539  1.074939
415.777649  3.582335  1.061792
417.367432  3.585077  1.048753
418.957275  3.587777  1.035825
420.547058  3.590448  1.023016
422.136871  3.593103  1.010328
423.726654  3.595753  0.997768
425.316467  3.598408  0.985338
426.906250  3.601080  0.973043
428.496033  3.603777  0.960889
430.085785  3.606493  0.948871
431.675598  3.609214  0.936981
433.265381  3.611927  0.925213
434.855133  3.614616  0.913560
436.444916  3.617271  0.902014
438.034668  3.619879  0.890569
439.624420  3.622428  0.879216
441.214203  3.624909  0.867949
442.803894  3.627309  0.856763
444.393646  3.629620  0.845649
445.983398  3.631832  0.834602
447.573090  3.633936  0.823615
449.162781  3.635925  0.812682
450.752502  3.637790  0.801797
452.342194  3.639525  0.790953
453.931824  3.641121  0.780146
455.521545  3.642572  0.769368
457.111176  3.643873  0.758615
458.700775  3.645016  0.747881
460.290436  3.645998  0.737161
461.880035  3.646812  0.726448
463.469635  3.647454  0.715739
465.059174  3.647918  0.705028
466.648743  3.648202  0.694310
468.238281  3.648301  0.683580
469.827789  3.648210  0.672833
471.417328  3.647927  0.662065
473.006775  3.647449  0.651270
474.596283  3.646771  0.640445
476.185730  3.645892  0.629585
477.775146  3.644809  0.618685
479.364563  3.643523  0.607747
480.953949  3.642042  0.596777
482.543304  3.640374  0.585787
484.132660  3.638529  0.574788
485.721985  3.636513  0.563786
487.311279  3.634336  0.552793
488.900543  3.632003  0.541817
490.489807  3.629522  0.530866
492.079010  3.626900  0.519949
493.668213  3.624143  0.509073
495.257416  3.621257  0.498247
496.846527  3.618248  0.487479
498.435638  3.615121  0.476775
500.024750  3.611882  0.466142
501.613831  3.608536  0.455588
503.202820  3.605088  0.445120
504.791840  3.601542  0.434743
506.380798  3.597903  0.424465
507.969788  3.594174  0.414290
509.558685  3.590361  0.404226
511.147552  3.586466  0.394277
512.736450  3.582494  0.384450
514.325256  3.578447  0.374750
515.914001  3.574329  0.365182
517.502747  3.570144  0.355751
519.091431  3.565894  0.346462
520.680115  3.561582  0.337320
522.268799  3.557210  0.328330
523.857361  3.552783  0.319496
525.445923  3.548301  0.310822
527.034485  3.543766  0.302312
528.622986  3.539183  0.293971
530.211426  3.534552  0.285802
531.799866  3.529876  0.277810
533.388245  3.525156  0.269997
534.976563  3.520394  0.262368
536.564819  3.515593  0.254926
538.153137  3.510753  0.247673
539.741333  3.505877  0.240615
541.329468  3.500965  0.233752
542.917603  3.496021  0.227085
544.505737  3.491045  0.220609
546.093750  3.486041  0.214317
547.681763  3.481010  0.208206
549.269653  3.475955  0.202269
550.857544  3.470878  0.196504
552.445435  3.465780  0.190903
554.033264  3.460664  0.185464
555.620972  3.455533  0.180181
557.208740  3.450387  0.175050
558.796387  3.445229  0.170068
560.384033  3.440061  0.165230
561.971558  3.434885  0.160531
563.559082  3.429703  0.155969
565.146606  3.424517  0.151539
566.734009  3.419328  0.147237
568.321350  3.414138  0.143061
569.908630  3.408949  0.139005
571.495911  3.403764  0.135068
573.083130  3.398583  0.131245
574.670288  3.393408  0.127533
576.257324  3.388240  0.123930
577.844360  3.383083  0.120431
579.431335  3.377936  0.117034
581.018311  3.372802  0.113737
582.605164  3.367682  0.110535
584.192017  3.362578  0.107426
585.778687  3.357491  0.104408
587.365417  3.352423  0.101477
588.952026  3.347374  0.098632
590.538635  3.342347  0.095869
592.125122  3.337342  0.093185
593.711609  3.332361  0.090580
595.297974  3.327406  0.088049
596.884338  3.322477  0.085591
598.470581  3.317575  0.083203
600.056763  3.312703  0.080884
601.642944  3.307860  0.078630
603.229004  3.303049  0.076440
604.815063  3.298270  0.074312
606.401001  3.293525  0.072244
607.986877  3.288814  0.070233
609.572632  3.284138  0.068278
611.158447  3.279499  0.066377
612.744080  3.274898  0.064527
614.329712  3.270334  0.062728
615.915283  3.265810  0.060976
617.500732  3.261327  0.059272
619.086121  3.256884  0.057612
620.671509  3.252483  0.055995
622.256714  3.248125  0.054419
623.841919  3.243811  0.052884
625.427063  3.239540  0.051387
627.012085  3.235313  0.049928
628.597046  3.231130  0.048506
630.181946  3.226990  0.047120
631.766785  3.222893  0.045770
633.351501  3.218840  0.044454
634.936157  3.214829  0.043173
636.520813  3.210860  0.041924
638.105347  3.206935  0.040708
639.689758  3.203051  0.039524
641.274109  3.199210  0.038371
642.858459  3.195410  0.037248
644.442627  3.191652  0.036155
646.026733  3.187936  0.035091
647.610779  3.184261  0.034055
649.194763  3.180627  0.033047
650.778687  3.177035  0.032067
652.362488  3.173483  0.031112
653.946167  3.169971  0.030184
655.529846  3.166501  0.029281
657.113403  3.163070  0.028402
658.696899  3.159679  0.027548
660.280273  3.156329  0.026717
661.863586  3.153018  0.025910
663.446777  3.149746  0.025125
665.029907  3.146514  0.024361
666.612976  3.143321  0.023619
668.195923  3.140167  0.022899
669.778809  3.137051  0.022198
671.361572  3.133974  0.021517
672.944275  3.130936  0.020856
674.526917  3.127935  0.020213
676.109375  3.124973  0.019590
677.691833  3.122048  0.018983
679.274170  3.119161  0.018395
680.856384  3.116311  0.017824
682.438538  3.113499  0.017269
684.020630  3.110723  0.016730
685.602600  3.107984  0.016207
687.184448  3.105282  0.015700
688.766235  3.102616  0.015207
690.347900  3.099986  0.014729
691.929504  3.097393  0.014265
693.510925  3.094835  0.013815
695.092346  3.092312  0.013379
696.673645  3.089825  0.012955
698.254822  3.087374  0.012544
699.835938  3.084957  0.012145
701.416931  3.082575  0.011758
702.997864  3.080228  0.011383
704.578613  3.077915  0.011019
706.159302  3.075636  0.010665
707.739929  3.073391  0.010323
709.320435  3.071181  0.009990
710.900757  3.069003  0.009668
712.481079  3.066859  0.009355
714.061279  3.064749  0.009052
715.641357  3.062671  0.008757
717.221313  3.060626  0.008471
718.801208  3.058614  0.008194
720.380981  3.056634  0.007925
721.960632  3.054686  0.007664
723.540161  3.052771  0.007410
725.119629  3.050887  0.007164
726.698975  3.049035  0.006924
728.278198  3.047214  0.006692
729.857300  3.045424  0.006466
731.436340  3.043666  0.006247
733.015259  3.041938  0.006033
734.593994  3.040241  0.005826
736.172729  3.038574  0.005624
737.751282  3.036937  0.005427
739.329712  3.035329  0.005236
740.908081  3.033749  0.005050
742.486267  3.032197  0.004869
744.064392  3.030672  0.004694
745.642395  3.029173  0.004523
747.220276  3.027699  0.004357
748.798035  3.026249  0.004195
750.375671  3.024824  0.004039
751.953247  3.023422  0.003887
753.530640  3.022043  0.003739
755.107971  3.020685  0.003596
756.685120  3.019349  0.003456
758.262146  3.018033  0.003321
759.839111  3.016738  0.003191
761.415894  3.015462  0.003064
762.992615  3.014205  0.002940
764.569214  3.012966  0.002821
766.145630  3.011745  0.002706
767.722046  3.010541  0.002594
769.298218  3.009354  0.002485
770.874329  3.008182  0.002380
772.450256  3.007026  0.002279
774.026123  3.005886  0.002180
775.601807  3.004760  0.002085
777.177368  3.003648  0.001993
778.752869  3.002549  0.001905
780.328186  3.001463  0.001819
781.903442  3.000390  0.001736
783.478455  2.999330  0.001656
785.053406  2.998280  0.001579
786.628235  2.997242  0.001504
788.202942  2.996215  0.001432
789.777466  2.995198  0.001363
791.351929  2.994192  0.001296
792.926208  2.993195  0.001232
794.500366  2.992206  0.001170
796.074402  2.991227  0.001110
797.648315  2.990256  0.001053
799.222046  2.989293  0.000998
800.795715  2.988338  0.000945
802.369202  2.987390  0.000894
803.942566  2.986449  0.000845
805.515747  2.985514  0.000799
807.088867  2.984586  0.000754
808.661804  2.983664  0.000711
810.234619  2.982747  0.000670
811.807312  2.981835  0.000630
813.379822  2.980929  0.000592
814.952271  2.980027  0.000556
816.524536  2.979129  0.000522
818.096619  2.978236  0.000489
819.668579  2.977346  0.000458
821.240417  2.976460  0.000428
822.812134  2.975577  0.000399
824.383667  2.974697  0.000372
825.955078  2.973819  0.000347
827.526367  2.972944  0.000322
829.097473  2.972071  0.000299
830.668457  2.971200  0.000277
832.239258  2.970331  0.000257
833.809937  2.969463  0.000237
835.380493  2.968597  0.000218
836.950867  2.967731  0.000201
838.521118  2.966866  0.000184
840.091187  2.966002  0.000169
841.661133  2.965138  0.000154
843.230957  2.964275  0.000141
844.800598  2.963411  0.000128
846.369995  2.962547  0.000116
847.939331  2.961682  0.000105
849.508606  2.960817  0.000095
851.077637  2.959951  0.000085
852.646484  2.959084  0.000076
854.215210  2.958215  0.000068
855.783813  2.957346  0.000060
857.352234  2.956475  0.000053
858.920532  2.955602  0.000047
860.488586  2.954727  0.000041
862.056519  2.953851  0.000036
863.624390  2.952971  0.000031
865.192017  2.952090  0.000027
866.759460  2.951207  0.000023
868.326843  2.950320  0.000019
869.893921  2.949431  0.000016
871.461060  2.948539  0.000013
873.027832  2.947644  0.000011
874.594543  2.946746  0.000009
876.161011  2.945845  0.000007
877.727417  2.944940  0.000006
879.293640  2.944032  0.000004
880.859680  2.943120  0.000003
882.425476  2.942204  0.000002
883.991211  2.941285  0.000002
885.556824  2.940361  0.000001
887.122192  2.939434  0.000001
888.687378  2.938502  0.000000
890.252441  2.937566  0.000000
891.817261  2.936625  0.000000
893.382019  2.935680  0.000000
894.946594  2.934731  0.000000
896.510925  2.933776  0.000000
898.075195  2.932817  0.000000
899.639282  2.931854  0.000000
901.203125  2.930886  0.000000
902.766785  2.929914  0.000000
904.330261  2.928938  0.000000
905.893677  2.927958  0.000000
907.456848  2.926974  0.000000
909.019836  2.925987  0.000000
910.582703  2.924997  0.000000
912.145325  2.924003  0.000000
913.707825  2.923007  0.000000
915.270142  2.922008  0.000000
916.832336  2.921006  0.000000
918.394226  2.920001  0.000000
919.956055  2.918994  0.000000
921.517700  2.917985  0.000000
923.079102  2.916975  0.000000
924.640320  2.915962  0.000000
926.201355  2.914947  0.000000
927.762329  2.913931  0.000000
929.323059  2.912913  0.000000
930.883484  2.911894  0.000000
932.443848  2.910873  0.000000
934.004089  2.909852  0.000000
935.564087  2.908830  0.000000
937.123840  2.907807  0.000000
938.683472  2.906783  0.000000
940.242859  2.905758  0.000000
941.802124  2.904734  0.000000
943.361206  2.903708  0.000000
944.920105  2.902683  0.000000
946.478821  2.901657  0.000000
948.037292  2.900632  0.000000
949.595581  2.899606  0.000000
951.153687  2.898581  0.000000
952.711731  2.897556  0.000000
954.269409  2.896532  0.000000
955.826965  2.895508  0.000000
957.384399  2.894485  0.000000
958.941528  2.893462  0.000000
960.498535  2.892441  0.000000
962.055359  2.891420  0.000000
963.611938  2.890400  0.000000
965.168335  2.889381  0.000000
966.724487  2.888364  0.000000
968.280579  2.887347  0.000000
969.836426  2.886333  0.000000
971.392090  2.885319  0.000000
972.947449  2.884307  0.000000
974.502747  2.883297  0.000000
976.057800  2.882288  0.000000
977.612610  2.881282  0.000000
979.167297  2.880277  0.000000
980.721680  2.879274  0.000000
982.276001  2.878273  0.000000
983.829956  2.877274  0.000000
985.383911  2.876277  0.000000
986.937500  2.875282  0.000000
988.490906  2.874290  0.000000
990.044250  2.873300  0.000000
991.597290  2.872313  0.000000
993.150085  2.871327  0.000000
994.702759  2.870345  0.000000
996.255188  2.869365  0.000000
997.807434  2.868387  0.000000
999.359375  2.867413  0.000000
1011.958130 2.859604  0.000000
1015.335327 2.857545  0.000000
1018.713074 2.855500  0.000000
1022.091431 2.853470  0.000000
1025.470337 2.851456  0.000000
1028.849854 2.849458  0.000000
1032.229736 2.847476  0.000000
1035.610474 2.845512  0.000000
1038.991577 2.843565  0.000000
1042.373291 2.841636  0.000000
1045.755615 2.839725  0.000000
1049.138550 2.837832  0.000000
1052.522095 2.835958  0.000000
1055.906006 2.834103  0.000000
1059.290649 2.832267  0.000000
1062.675903 2.830451  0.000000
1066.061646 2.828655  0.000000
1069.447998 2.826878  0.000000
1072.834717 2.825123  0.000000
1076.222290 2.823387  0.000000
1079.610229 2.821673  0.000000
1082.998901 2.819980  0.000000
1086.388062 2.818307  0.000000
1089.777832 2.816656  0.000000
1093.168213 2.815027  0.000000
1096.558960 2.813419  0.000000
1099.950439 2.811833  0.000000
1103.342529 2.810269  0.000000
1106.735107 2.808727  0.000000
1110.128174 2.807207  0.000000
1113.521973 2.805709  0.000000
1116.916260 2.804234  0.000000
1120.311279 2.802781  0.000000
1123.706665 2.801350  0.000000
1127.102661 2.799942  0.000000
1130.499268 2.798557  0.000000
1133.896362 2.797194  0.000000
1137.294189 2.795855  0.000000
1140.692505 2.794537  0.000000
1144.091309 2.793243  0.000000
1147.490845 2.791971  0.000000
1150.890869 2.790723  0.000000
1154.291382 2.789497  0.000000
1157.692627 2.788292  0.000000
1161.094360 2.787110  0.000000
1164.496582 2.785949  0.000000
1167.899536 2.784808  0.000000
1171.302979 2.783687  0.000000
1174.706909 2.782587  0.000000
1178.111572 2.781505  0.000000
1181.516724 2.780443  0.000000
1184.922485 2.779399  0.000000
1188.328735 2.778374  0.000000
1191.735596 2.777366  0.000000
1195.143066 2.776376  0.000000
1198.551025 2.775403  0.000000
1201.959717 2.774447  0.000000
1205.368896 2.773507  0.000000
1208.778564 2.772584  0.000000
1212.188843 2.771676  0.000000
1215.599731 2.770783  0.000000
1219.011108 2.769906  0.000000
1222.423096 2.769043  0.000000
1225.835693 2.768194  0.000000
1229.248901 2.767360  0.000000
1232.662598 2.766540  0.000000
1236.076904 2.765733  0.000000
1239.491821 2.764939  0.000000
1242.907227 2.764158  0.000000
1246.323242 2.763391  0.000000
1249.739746 2.762635  0.000000
1253.156982 2.761892  0.000000
1256.574585 2.761160  0.000000
1259.992920 2.760441  0.000000
1263.411865 2.759732  0.000000
1266.831299 2.759035  0.000000
1270.251221 2.758349  0.000000
1273.671753 2.757673  0.000000
1277.093018 2.757008  0.000000
1280.514648 2.756353  0.000000
1283.937012 2.755709  0.000000
1287.359863 2.755074  0.000000
1290.783325 2.754448  0.000000
1294.207275 2.753832  0.000000
1297.631836 2.753226  0.000000
1301.056885 2.752628  0.000000
1304.482666 2.752039  0.000000
1307.908936 2.751459  0.000000
1311.335815 2.750887  0.000000
1314.763306 2.750323  0.000000
1318.191162 2.749768  0.000000
1321.619873 2.749220  0.000000
1325.048950 2.748680  0.000000
1328.478760 2.748148  0.000000
1331.908936 2.747623  0.000000
1335.339844 2.747105  0.000000
1338.771240 2.746595  0.000000
1342.203247 2.746091  0.000000
1345.635742 2.745594  0.000000
1349.068970 2.745104  0.000000
1352.502686 2.744620  0.000000
1355.936890 2.744142  0.000000
1359.371826 2.743671  0.000000
1362.807129 2.743206  0.000000
1366.243164 2.742747  0.000000
1369.679688 2.742293  0.000000
1373.116943 2.741845  0.000000
1376.554565 2.741403  0.000000
1379.992920 2.740966  0.000000
1383.431641 2.740535  0.000000
1386.871094 2.740108  0.000000
1390.311035 2.739687  0.000000
1393.751709 2.739271  0.000000
1397.192749 2.738859  0.000000
1400.634521 2.738452  0.000000
1404.076782 2.738050  0.000000
1407.519531 2.737653  0.000000
1410.963013 2.737260  0.000000
1414.406982 2.736871  0.000000
1417.851563 2.736486  0.000000
1421.296631 2.736105  0.000000
1424.742432 2.735729  0.000000
1428.188599 2.735356  0.000000
1431.635498 2.734988  0.000000
1435.082886 2.734623  0.000000
1438.530884 2.734262  0.000000
1441.979370 2.733904  0.000000
1445.428467 2.733550  0.000000
1448.878174 2.733199  0.000000
1452.328491 2.732851  0.000000
1455.779297 2.732507  0.000000
1459.230713 2.732166  0.000000
1462.682739 2.731828  0.000000
1466.135254 2.731493  0.000000
1469.588379 2.731161  0.000000
1473.042114 2.730832  0.000000
1476.496338 2.730506  0.000000
1479.951172 2.730183  0.000000
1483.406494 2.729862  0.000000
1486.862549 2.729544  0.000000
1490.319092 2.729228  0.000000
1493.776123 2.728915  0.000000
1497.233887 2.728605  0.000000
1500.692139 2.728296  0.000000
1504.151001 2.727990  0.000000
1507.610352 2.727687  0.000000
1511.070313 2.727385  0.000000
1514.530884 2.727086  0.000000
1517.991943 2.726789  0.000000
1521.453613 2.726494  0.000000
1524.915894 2.726200  0.000000
1528.378662 2.725909  0.000000
1531.842041 2.725620  0.000000
1535.306030 2.725332  0.000000
1538.770630 2.725046  0.000000
1542.235718 2.724762  0.000000
1545.701416 2.724480  0.000000
1549.167725 2.724199  0.000000
1552.634521 2.723920  0.000000
1556.101807 2.723643  0.000000
1559.569824 2.723366  0.000000
1563.038330 2.723092  0.000000
1566.507568 2.722819  0.000000
1569.977173 2.722547  0.000000
1573.447510 2.722277  0.000000
1576.918213 2.722008  0.000000
1580.389648 2.721740  0.000000
1583.861572 2.721474  0.000000
1587.334106 2.721209  0.000000
1590.807251 2.720945  0.000000
1594.280884 2.720682  0.000000
1597.755127 2.720420  0.000000
