   1.9112285397821674e+02   1.8529168548045711e+00   3.2187089153706411e-01
   1.9270292069302479e+02   1.8539678814708627e+00   3.2341444854174173e-01
   1.9428198351760051e+02   1.8552114913087103e+00   3.2497642604331872e-01
   1.9585934544078700e+02   1.8566518594592558e+00   3.2658249682662494e-01
   1.9744056321912151e+02   1.8583054239607695e+00   3.2817533228750584e-01
   1.9901882258710455e+02   1.8601761324557566e+00   3.2978059942643129e-01
   2.0059984176448745e+02   1.8622279912025959e+00   3.3135040549010303e-01
   2.0218314672568678e+02   1.8644909037773989e+00   3.3290588800539689e-01
   2.0376156268451092e+02   1.8669853098657938e+00   3.3441612887938615e-01
   2.0534445142309346e+02   1.8696583268168898e+00   3.3589024849752924e-01
   2.0692799680207867e+02   1.8725561509272188e+00   3.3729295630854972e-01
   2.0850815655209450e+02   1.8756471112426401e+00   3.3860313925429070e-01
   2.1009131647924244e+02   1.8789347671067365e+00   3.3984681702562042e-01
   2.1167705990594970e+02   1.8824040099860702e+00   3.4094700000386713e-01
   2.1325763427570936e+02   1.8860886826008398e+00   3.4195104713243912e-01
   2.1484341224687429e+02   1.8899525504116417e+00   3.4281283932704248e-01
   2.1642655564072192e+02   1.8939642792142060e+00   3.4351228644604098e-01
   2.1801024795128717e+02   1.8981484432506222e+00   3.4404580017021069e-01
   2.1959787892178522e+02   1.9025039722274240e+00   3.4441452399851907e-01
   2.2118123553498310e+02   1.9069698604007788e+00   3.4457807312271871e-01
   2.2276761699838625e+02   1.9116007867672837e+00   3.4455415825280422e-01
   2.2435260762785322e+02   1.9163109282497937e+00   3.4430738262428467e-01
   2.2593976758142836e+02   1.9211253118165454e+00   3.4383493670978099e-01
   2.2752454032671602e+02   1.9260391637063821e+00   3.4311347996075542e-01
   2.2911057426326855e+02   1.9309770491797571e+00   3.4215839089369443e-01
   2.3069745418082559e+02   1.9359851249621249e+00   3.4093753691052403e-01
   2.3228475273441154e+02   1.9409887367548957e+00   3.3946616357063608e-01
   2.3387203042054142e+02   1.9459887935056228e+00   3.3774603543116499e-01
   2.3545883556970662e+02   1.9509528204784488e+00   3.3573338787319762e-01
   2.3704922724670865e+02   1.9558410989240529e+00   3.3348823703460123e-01
   2.3863374438169876e+02   1.9606758080855495e+00   3.3098281588614614e-01
   2.4022565113985729e+02   1.9653595806805502e+00   3.2823510076289431e-01
   2.4181069718556580e+02   1.9699193363874283e+00   3.2524174374315196e-01
   2.4340249206535796e+02   1.9742871982686119e+00   3.2204027892070430e-01
   2.4499122478357748e+02   1.9784447940788465e+00   3.1865938432390445e-01
   2.4658125595427120e+02   1.9823982281651669e+00   3.1512336478337050e-01
   2.4816727258199839e+02   1.9860796152202400e+00   3.1146787634261169e-01
   2.4975876002653641e+02   1.9895023364865874e+00   3.0776540885159581e-01
   2.5134536405753710e+02   1.9926677715742001e+00   3.0401455207027267e-01
   2.5293680524451321e+02   1.9955711375763387e+00   3.0034008245274724e-01
   2.5452766794370120e+02   1.9982618457806578e+00   2.9673288375695955e-01
   2.5611754762101106e+02   2.0007300539431534e+00   2.9329294016626678e-01
   2.5770602999439939e+02   2.0030732722321134e+00   2.9000436881306774e-01
   2.5929810281134559e+02   2.0053294567795565e+00   2.8696032866546511e-01
   2.6088805358980284e+02   2.0075743423868637e+00   2.8417378522666120e-01
   2.6248098537986988e+02   2.0098975472917200e+00   2.8158151681044724e-01
   2.6407103534763110e+02   2.0123779152042482e+00   2.7922190745318787e-01
   2.6566342350048114e+02   2.0150770467613572e+00   2.7701174051738747e-01
   2.6725788409413587e+02   2.0180632754516568e+00   2.7491704881049012e-01
   2.6884832615611003e+02   2.0214158244529599e+00   2.7280384042171768e-01
   2.7044014889309739e+02   2.0251266424570038e+00   2.7062505055736763e-01
   2.7203306328005254e+02   2.0292024080516797e+00   2.6825810862438948e-01
   2.7362074661380910e+02   2.0336019555479652e+00   2.6558786419659336e-01
   2.7521487749767402e+02   2.0383123721305059e+00   2.6252109701944087e-01
   2.7680918853883514e+02   2.0432283229479427e+00   2.5900189129939094e-01
   2.7839712275355174e+02   2.0482670931023677e+00   2.5494721941222021e-01
   2.7999075993870014e+02   2.0533507229357602e+00   2.5029820490928290e-01
   2.8158359964642688e+02   2.0583397014535265e+00   2.4507616485450653e-01
   2.8317530143824223e+02   2.0631148367739058e+00   2.3925473812783887e-01
   2.8477204483462077e+02   2.0675919066659767e+00   2.3288686633352562e-01
   2.8636709385948740e+02   2.0716622747390221e+00   2.2601898277989604e-01
   2.8796008715000926e+02   2.0752678953999650e+00   2.1871634067394488e-01
   2.8955065607010511e+02   2.0783281646915830e+00   2.1106387694317527e-01
   2.9114524746906636e+02   2.0808093837311183e+00   2.0314450872095016e-01
   2.9273680490103681e+02   2.0827014350743185e+00   1.9505196143752793e-01
   2.9433191186922534e+02   2.0839444750236025e+00   1.8688117877784982e-01
   2.9592334992735158e+02   2.0846195275781190e+00   1.7871366696484023e-01
   2.9751784089276305e+02   2.0846857338429601e+00   1.7063003512969624e-01
   2.9910800269645608e+02   2.0841958352045356e+00   1.6270304079497458e-01
   3.0070797531163021e+02   2.0832239597622677e+00   1.5499053689688100e-01
   3.0229573215241618e+02   2.0817706022674396e+00   1.4754267336922522e-01
   3.0389291130570922e+02   2.0799305711809977e+00   1.4039651325197475e-01
   3.0548452137992086e+02   2.0777494733233390e+00   1.3357722072049374e-01
   3.0707771021800392e+02   2.0752723617829796e+00   1.2710379844955635e-01
   3.0867226514944474e+02   2.0725436479213233e+00   1.2098418301177302e-01
   3.1026796863293544e+02   2.0696316866771509e+00   1.1521856837380197e-01
   3.1186459823781917e+02   2.0665807460306582e+00   1.0979972615918000e-01
   3.1345401791346035e+02   2.0634111874062269e+00   1.0471737350208520e-01
   3.1505173200791194e+02   2.0601678515881785e+00   9.9957874714552142e-02
   3.1664967503504528e+02   2.0568959254022450e+00   9.5503130505537936e-02
   3.1823945285483751e+02   2.0535923767754807e+00   9.1332633545564354e-02
   3.1983704046957064e+02   2.0502789880480927e+00   8.7429564973815696e-02
   3.2142579944116738e+02   2.0470022073756491e+00   8.3773725002404001e-02
   3.2302202230831233e+02   2.0437355528039522e+00   8.0343075587604035e-02
   3.2461721362876256e+02   2.0405263641093812e+00   7.7122257652713716e-02
   3.2621110673493502e+02   2.0373487422940264e+00   7.4093844056380406e-02
   3.2780343007915565e+02   2.0342259608144460e+00   7.1240856616529694e-02
   3.2940264078905511e+02   2.0311570710653957e+00   6.8549597657147215e-02
   3.3099989342995684e+02   2.0281413043397309e+00   6.6008714340336866e-02
   3.3258599919689470e+02   2.0251778173338231e+00   6.3601822465926008e-02
   3.3418737895416399e+02   2.0222661604593797e+00   6.1322293981237626e-02
   3.3577702702702703e+02   2.0194305964974313e+00   5.9160240617929273e-02
   3.3737270875763744e+02   2.0166212614024244e+00   5.7107897354962023e-02
   3.3896513150714833e+02   2.0138873591804480e+00   5.5157007413368160e-02
   3.4056332236842104e+02   2.0111790348857936e+00   5.3302067165835555e-02
   3.4215780776645556e+02   2.0085457654665269e+00   5.1537287215339053e-02
   3.4374827070997736e+02   2.0059625882678094e+00   4.9858856084830837e-02
   3.4534398888116755e+02   2.0034043679635283e+00   4.8260352001865466e-02
   3.4694490211957890e+02   2.0008959343147530e+00   4.6739062435059438e-02
   3.4853139202154523e+02   1.9984372509410882e+00   4.5292890711167613e-02
   3.5013245779669137e+02   1.9960281816170571e+00   4.3914710627476504e-02
   3.5172838457618485e+02   1.9936437581119708e+00   4.2607913101005090e-02
   3.5331882945141200e+02   1.9913088246595574e+00   4.1362243254299658e-02
   3.5491358377374661e+02   1.9890235484242429e+00   4.0183033561024199e-02
   3.5651256887052347e+02   1.9867877907891540e+00   3.9060537999971660e-02
   3.5810538148906119e+02   1.9845765396676858e+00   3.8000549987671564e-02
   3.5970207591418398e+02   1.9823896402660239e+00   3.6995754270667099e-02
   3.6129205804519154e+02   1.9802775291973786e+00   3.6042927795543959e-02
   3.6288555906063795e+02   1.9781898859586524e+00   3.5145766588684971e-02
   3.6448248547790888e+02   1.9761266281060690e+00   3.4299421421672194e-02
   3.6607195474099831e+02   1.9741130906726880e+00   3.3503653013852039e-02
   3.6766446686987661e+02   1.9721492840769641e+00   3.2753605683674747e-02
   3.6925991975033440e+02   1.9702099780740416e+00   3.2052421164637072e-02
   3.7085820895522392e+02   1.9683205106255868e+00   3.1394785385007395e-02
   3.7244806187606798e+02   1.9664809844230915e+00   3.0780872268518868e-02
   3.7404034321842545e+02   1.9646660579065705e+00   3.0211241122192124e-02
   3.7563493983189215e+02   1.9629011527525908e+00   2.9680557229437927e-02
   3.7723173619967213e+02   1.9611864124736498e+00   2.9191513685733392e-02
   3.7883061442293035e+02   1.9595219022998702e+00   2.8741704766807322e-02
   3.8041980525445524e+02   1.9578821559958748e+00   2.8329079883663632e-02
   3.8201063895209398e+02   1.9562927673518014e+00   2.7953382496029081e-02
   3.8361483357006119e+02   1.9547793768462516e+00   2.7611811664945717e-02
   3.8520866922981520e+02   1.9533164452235161e+00   2.7297164333197167e-02
   3.8679171855541722e+02   1.9519293308030070e+00   2.6983558866002136e-02
   3.8838783293735150e+02   1.9505669734835327e+00   2.6674295580363359e-02
   3.8998493266785948e+02   1.9492550349897135e+00   2.6366483131986342e-02
   3.9158287893592211e+02   1.9479679881664360e+00   2.6063056635639840e-02
   3.9316908762935543e+02   1.9467315263577003e+00   2.5761127983491859e-02
   3.9476819929458867e+02   1.9455200804086488e+00   2.5463371207965674e-02
   3.9635508055511252e+02   1.9443336721063391e+00   2.5168005215372893e-02
   3.9795477113296391e+02   1.9431980797357815e+00   2.4875230427653286e-02
   3.9954172696575012e+02   1.9420619056084834e+00   2.4585467570374744e-02
   4.0114139033289206e+02   1.9409509041205264e+00   2.4298399253624228e-02
   4.0272780317028105e+02   1.9398908915732578e+00   2.4013979447173428e-02
   4.0432681355159957e+02   1.9388303785141672e+00   2.3732607302789109e-02
   4.0591204626392653e+02   1.9377951617652343e+00   2.3453975371990315e-02
   4.0750975825761805e+02   1.9367852808842152e+00   2.3178098492933234e-02
   4.0910662539515289e+02   1.9358007714633911e+00   2.2904733097344677e-02
   4.1070247933884298e+02   1.9348158327888061e+00   2.2634195595184266e-02
   4.1228346717992974e+02   1.9338563178454578e+00   2.2366449668912915e-02
   4.1387667399560269e+02   1.9329222605409577e+00   2.2101250977391525e-02
   4.1548224199050230e+02   1.9319878203048320e+00   2.1838905792551464e-02
   4.1707231099771724e+02   1.9310788817723463e+00   2.1578869922575013e-02
   4.1866048862679025e+02   1.9301954859045536e+00   2.1321674566400901e-02
   4.2024659202381361e+02   1.9293117455992130e+00   2.1066839038692699e-02
   4.2184475909137217e+02   1.9284535897415593e+00   2.0814605139331723e-02
   4.2344069529652353e+02   1.9276210516204846e+00   2.0564986031187952e-02
   4.2503421142661654e+02   1.9267882112313754e+00   2.0317749388233622e-02
   4.2662511589574535e+02   1.9259550700011971e+00   2.0073157781388261e-02
   4.2821321476579470e+02   1.9251475960196074e+00   1.9830947029173145e-02
   4.2981318111053452e+02   1.9243398407554362e+00   1.9591393994730921e-02
   4.3139518733289350e+02   1.9235577913235460e+00   1.9353980508370949e-02
   4.3298888230578888e+02   1.9228014784145453e+00   1.9118718397442436e-02
   4.3457919406744088e+02   1.9220449230175025e+00   1.8886135056097975e-02
   4.3618123090966543e+02   1.9212881213763406e+00   1.8655973355168338e-02
   4.3776427061310778e+02   1.9205310723560329e+00   1.8428236079818673e-02
   4.3935884287583553e+02   1.9197998170450756e+00   1.8202679096925616e-02
   4.4094942324755993e+02   1.9190943842661761e+00   1.7979313723638167e-02
   4.4253579824748880e+02   1.9183887383020013e+00   1.7758131769555138e-02
   4.4413362885639731e+02   1.9176828805676402e+00   1.7539396289567619e-02
   4.4572704768055110e+02   1.9169768076587501e+00   1.7322849117070487e-02
   4.4731583495355369e+02   1.9162966110381516e+00   1.7108520576169753e-02
   4.4889976875270997e+02   1.9156423153186206e+00   1.6896160489451986e-02
   4.5049495975052582e+02   1.9149617285210212e+00   1.6685973157637906e-02
   4.5208507696226485e+02   1.9143070613970272e+00   1.6478025200922477e-02
   4.5368645924627521e+02   1.9136522117036063e+00   1.6272288041448518e-02
   4.5526585803803732e+02   1.9130233135323433e+00   1.6068544372963109e-02
   4.5685629182908002e+02   1.9123681028890422e+00   1.5866976631830797e-02
   4.5845787667441601e+02   1.9117650119921208e+00   1.5667197491383050e-02
   4.6003665852032884e+02   1.9111356070329848e+00   1.5469598227985317e-02
   4.6162635157730466e+02   1.9105322021818862e+00   1.5274016301153258e-02
   4.6322706935123045e+02   1.9099286422940731e+00   1.5080406336751357e-02
   4.6482153546842261e+02   1.9093249286788505e+00   1.4889032020170919e-02
   4.6640950557495222e+02   1.9087210564993631e+00   1.4699371552727178e-02
   4.6799073341620527e+02   1.9081432312396105e+00   1.4511751291345779e-02
   4.6958271912915296e+02   1.9075652623360346e+00   1.4325853243168903e-02
   4.7116770327669906e+02   1.9069871511099725e+00   1.4141941116018037e-02
   4.7276342326572552e+02   1.9064351226055380e+00   1.3959824640465274e-02
   4.7435187659883172e+02   1.9058567326597107e+00   1.3779892029638750e-02
   4.7595104011033214e+02   1.9053044378330624e+00   1.3601500886371680e-02
   4.7754266605166060e+02   1.9047520136499965e+00   1.3425107214353100e-02
   4.7912649440802159e+02   1.9042257139287795e+00   1.3250267452773726e-02
   4.8072086364339890e+02   1.9036730349438591e+00   1.3077613404729890e-02
   4.8230715478085335e+02   1.9031464941726646e+00   1.2906520898529871e-02
   4.8388510223953267e+02   1.9026198347549528e+00   1.2737174057224099e-02
   4.8549237983587346e+02   1.9020930561353075e+00   1.2569574302832691e-02
   4.8707217626533895e+02   1.9015924505769402e+00   1.2403551556397725e-02
   4.8866228760226556e+02   1.9010654392197188e+00   1.2239452424925624e-02
   4.9024346933943661e+02   1.9005646141130337e+00   1.2076937468772322e-02
   4.9183491686460815e+02   1.9000636819157382e+00   1.1916179555190793e-02
   4.9343673047898966e+02   1.8995626421054754e+00   1.1757180050271031e-02
   4.9500956251494148e+02   1.8990614925556046e+00   1.1599677043819978e-02
   4.9661230363352917e+02   1.8985865690076453e+00   1.1443776309526549e-02
   4.9820547780406628e+02   1.8980852087184115e+00   1.1289798741164259e-02
   4.9978880038619366e+02   1.8976100854716764e+00   1.1137166777196377e-02
   5.0138221881431861e+02   1.8971348642309613e+00   1.0986040261527276e-02
   5.0296546698514237e+02   1.8966595460752382e+00   1.0836683917542762e-02
   5.0455874588799099e+02   1.8962104967603952e+00   1.0688686743704367e-02
   5.0614153018821804e+02   1.8957349870496567e+00   1.0542349081769407e-02
   5.0773427602272267e+02   1.8952857582545255e+00   1.0397376709114073e-02
   5.0931619726970854e+02   1.8948364436733853e+00   1.0254183185513027e-02
   5.1090800674425299e+02   1.8943870400306884e+00   1.0112241899463551e-02
   5.1248865605148092e+02   1.8939375497659980e+00   9.9720817100554613e-03
   5.1407911615012210e+02   1.8934879696859632e+00   9.8331757571707892e-03
   5.1567947866511713e+02   1.8930383008077289e+00   9.6957890350998152e-03
   5.1726829877591808e+02   1.8926149607273344e+00   9.5597891675997110e-03
   5.1884527041135948e+02   1.8921651193885660e+00   9.4254459176253066e-03
   5.2043188672922258e+02   1.8917416170175034e+00   9.2922309483939661e-03
   5.2202823648052447e+02   1.8913180365940860e+00   9.1605428937786924e-03
   5.2361234037172846e+02   1.8908943777516736e+00   9.0303827653799400e-03
   5.2520608750792655e+02   1.8904706388813726e+00   8.9014870973922761e-03
   5.2678722862957943e+02   1.8900468196745384e+00   8.7738567253278950e-03
   5.2837791859822221e+02   1.8896493806016732e+00   8.6476359941380001e-03
   5.2995563707716599e+02   1.8892254069346450e+00   8.5228051353164070e-03
   5.3154280580156603e+02   1.8888278242705674e+00   8.3993891852608537e-03
   5.3313950993434332e+02   1.8884301715424494e+00   8.2772454261500223e-03
   5.3472282000516486e+02   1.8880324484625317e+00   8.1563746494518977e-03
   5.3631556227066687e+02   1.8876346547451803e+00   8.0367776475569648e-03
   5.3789453175737117e+02   1.8872367901068934e+00   7.9184552136399352e-03
   5.3948282600199741e+02   1.8868388542663084e+00   7.8014081418332796e-03
   5.4108052785157440e+02   1.8864408480240604e+00   7.6859022720957145e-03
   5.4266401677295357e+02   1.8860692788477171e+00   7.5713019453505495e-03
   5.4425680115652517e+02   1.8856711333280562e+00   7.4580873363471250e-03
   5.4583498088836166e+02   1.8852994362753159e+00   7.3460479187058116e-03
   5.4742233972240592e+02   1.8849276775075094e+00   7.2352908616811788e-03
   5.4899469730446310e+02   1.8845558557616844e+00   7.1255516035421849e-03
   5.5060051409324592e+02   1.8841839728014627e+00   7.0173614630299353e-03
   5.5219120849815556e+02   1.8838120263797493e+00   6.9101905167434866e-03
   5.5376643637174050e+02   1.8834400172461490e+00   6.8043048266224005e-03
   5.5535067721603878e+02   1.8830679442046894e+00   6.6994396239445269e-03
   5.5694400860716371e+02   1.8826958079794380e+00   6.5958610771592943e-03
   5.5852139902895158e+02   1.8823501698172345e+00   6.4932126848517777e-03
   5.6010774987601997e+02   1.8819779108601822e+00   6.3919453733090525e-03
   5.6170313771588746e+02   1.8816321596914383e+00   6.2916122787595608e-03
   5.6328210010881389e+02   1.8812863545829628e+00   6.1925713603457194e-03
   5.6486996453578251e+02   1.8809404944418464e+00   6.0945575013507600e-03
   5.6646680649279597e+02   1.8805679918253779e+00   5.9976560534168825e-03
   5.6804672854464809e+02   1.8802220169869253e+00   5.9019625872584114e-03
   5.6963548830811555e+02   1.8799025835812437e+00   5.8072158075372846e-03
   5.7120689655172418e+02   1.8795565022148339e+00   5.7135818941162391e-03
   5.7281340771819828e+02   1.8792103648588598e+00   5.6209779370712323e-03
   5.7437586685159499e+02   1.8788641721149237e+00   5.5296706138679387e-03
   5.7597357440890130e+02   1.8785445385399786e+00   5.4390512390679558e-03
   5.7755334480033480e+02   1.8781982377922399e+00   5.3498080222808327e-03
   5.7914180495991059e+02   1.8778785053397891e+00   5.2612562377729391e-03
   5.8073902678446223e+02   1.8775320958899384e+00   5.1740793253375996e-03
   5.8231778767283799e+02   1.8772122638758895e+00   5.0875972759088809e-03
   5.8390515580203987e+02   1.8768923848171251e+00   5.0024178668696745e-03
   5.8550120175314578e+02   1.8765724571173110e+00   4.9180088757100754e-03
   5.8707825347320681e+02   1.8762258324574401e+00   4.8347058456946253e-03
   5.8866382373845067e+02   1.8759058038793934e+00   4.7523708181784015e-03
   5.9025798175598641e+02   1.8756123848795283e+00   4.6710077575912654e-03
   5.9183260289634143e+02   1.8752922638872982e+00   4.5907510875960976e-03
   5.9341564768819273e+02   1.8749720935339911e+00   4.5112671432050487e-03
   5.9500718390804593e+02   1.8746518743276062e+00   4.4328230290543360e-03
   5.9657863145258102e+02   1.8743582819560110e+00   4.3553572860696157e-03
   5.9815840154068371e+02   1.8740379685372177e+00   4.2787286781928845e-03
   5.9974656046343250e+02   1.8737176058300367e+00   4.2031413781234506e-03
   6.0134317521781225e+02   1.8734238822580729e+00   4.1282702079659152e-03
   6.0291905270309621e+02   1.8731301178805209e+00   4.0544433766351974e-03
   6.0450321136629043e+02   1.8728096150114337e+00   3.9817181310001408e-03
   6.0609571665528347e+02   1.8725157638479255e+00   3.9097134140960808e-03
   6.0769663470945022e+02   1.8722218709291021e+00   3.8384873671033761e-03
   6.0927615124319561e+02   1.8719279366848178e+00   3.7683074555356641e-03
   6.1086390008850435e+02   1.8716339604509109e+00   3.6989070225887056e-03
   6.1242975451049995e+02   1.8713399426399193e+00   3.6305536183932003e-03
   6.1403400385508826e+02   1.8710458826095273e+00   3.5629805030256605e-03
   6.1561617362866070e+02   1.8707517802559515e+00   3.4961880400374164e-03
   6.1720651795916342e+02   1.8704576359665024e+00   3.4304439066704254e-03
   6.1877428030680346e+02   1.8701634491305734e+00   3.3654812379776207e-03
   6.2035002746292514e+02   1.8698692196472781e+00   3.3013003985156316e-03
   6.2193382058470161e+02   1.8696016911919577e+00   3.2378554365285455e-03
   6.2352572145545798e+02   1.8693073807828440e+00   3.1755077099702355e-03
   6.2512579249270402e+02   1.8690397792351341e+00   3.1138984117163948e-03
   6.2670248184019374e+02   1.8687453865883481e+00   3.0528503459707700e-03
   6.2828714473551133e+02   1.8684777111101991e+00   2.9928106536765546e-03
   6.2987984181707566e+02   1.8681832367307016e+00   2.9335987456852617e-03
   6.3144853875476485e+02   1.8679154869460679e+00   2.8751300781632498e-03
   6.3305732484076441e+02   1.8676477017929216e+00   2.8174478489253955e-03
   6.3460949072891674e+02   1.8673798815795051e+00   2.7608201474617349e-03
   6.3620186399016802e+02   1.8670852459585194e+00   2.7047506325596458e-03
   6.3780224857538894e+02   1.8668173502108325e+00   2.6493486357554562e-03
   6.3937779836343998e+02   1.8665494188645764e+00   2.5948147694825562e-03
   6.4096115152453194e+02   1.8662814517193862e+00   2.5410690309626309e-03
   6.4255236617532967e+02   1.8660134486207329e+00   2.4880581666723084e-03
   6.4411810452094574e+02   1.8657454095608672e+00   2.4358360881775822e-03
   6.4572505197505200e+02   1.8655041369451066e+00   2.3843152700223956e-03
   6.4730630959203882e+02   1.8652360294415349e+00   2.3335652599784677e-03
   6.4889533061736131e+02   1.8649678856771053e+00   2.2835513858978063e-03
   6.5045811518324615e+02   1.8646997055773189e+00   2.2342739624941531e-03
   6.5206266729648883e+02   1.8644583066651417e+00   2.1857018659984452e-03
   6.5364076392907884e+02   1.8641900575349064e+00   2.1378989679358522e-03
   6.5522651758873485e+02   1.8639217717919914e+00   2.0907798057817370e-03
   6.5681998413957183e+02   1.8636802782248352e+00   2.0443688998628405e-03
   6.5838632750397460e+02   1.8634119230053949e+00   1.9986992430294443e-03
   6.5996015936254980e+02   1.8631703671133450e+00   1.9536860741736629e-03
   6.6154153354632604e+02   1.8629287817183513e+00   1.9093859276323156e-03
   6.6313050440352288e+02   1.8626603236248875e+00   1.8657991238945544e-03
   6.6472712680577854e+02   1.8624186755288217e+00   1.8228983872773826e-03
   6.6629572026171843e+02   1.8621769976944211e+00   1.7806578021470384e-03
   6.6790763937422719e+02   1.8619084361406251e+00   1.7391295603889818e-03
   6.6949129708465819e+02   1.8616666951972372e+00   1.6982363213309687e-03
   6.7104623528140871e+02   1.8614249243701422e+00   1.6580308771003258e-03
   6.7264482945316729e+02   1.8611831235799901e+00   1.6184866291841036e-03
   6.7421446790036362e+02   1.8609412927731681e+00   1.5796038334546961e-03
   6.7582821084697821e+02   1.8606994318744583e+00   1.5413558745273569e-03
   6.7741275899672848e+02   1.8604575408766144e+00   1.5037967480785118e-03
   6.7896764673734833e+02   1.8602156196627957e+00   1.4668460855397204e-03
   6.8056696795398523e+02   1.8599736682264798e+00   1.4305578866274178e-03
   6.8213638609784221e+02   1.8597316864971185e+00   1.3949055225631554e-03
   6.8375068794716560e+02   1.8595165633353186e+00   1.3598964644325180e-03
   6.8533484112974418e+02   1.8592745243572937e+00   1.3254901133070258e-03
   6.8688837286448836e+02   1.8590324549456871e+00   1.2917203212726774e-03
   6.8848711554447220e+02   1.8587903550540821e+00   1.2585873354033614e-03
   6.9005498778049332e+02   1.8585751271311690e+00   1.2260467531257726e-03
   6.9166852243625442e+02   1.8583329696149267e+00   1.1941347629288964e-03
   6.9325093465766417e+02   1.8581176906058252e+00   1.1628165486796793e-03
   6.9480174486885528e+02   1.8578754752970772e+00   1.1321264681395493e-03
   6.9639854260089680e+02   1.8576332292595601e+00   1.1020205537563359e-03
   6.9800269678071811e+02   1.8574178717452290e+00   1.0725104083156522e-03
   6.9957486344951860e+02   1.8572024900562558e+00   1.0435857211932673e-03
   7.0115412833681364e+02   1.8569601586344664e+00   1.0152614159708456e-03
   7.0274053962328185e+02   1.8567447253652729e+00   9.8750785448714780e-04
   7.0433414592663985e+02   1.8565292678149790e+00   9.6034036785798145e-04
   7.0589488636363637e+02   1.8562868506595287e+00   9.3377270843863428e-04
   7.0750284738041012e+02   1.8560713413043357e+00   9.0775066809967706e-04
   7.0907767821471384e+02   1.8558558075670408e+00   8.8231531425438570e-04
   7.1065953552225164e+02   1.8556402493902167e+00   8.5741296063538937e-04
   7.1224846643352646e+02   1.8554246667681655e+00   8.3309768792230743e-04
   7.1380350474001727e+02   1.8551821083264892e+00   8.0935450673970595e-04
   7.1540654151790864e+02   1.8549664735641909e+00   7.8615976118657799e-04
   7.1697541551246547e+02   1.8547508142417408e+00   7.6349878873157868e-04
   7.1855118565644875e+02   1.8545351303418558e+00   7.4139873517258361e-04
   7.2013389751912825e+02   1.8543194218255130e+00   7.1983283160926865e-04
   7.2172359707215060e+02   1.8541036886655518e+00   6.9880126334289153e-04
   7.2332033069399176e+02   1.8539149009919011e+00   6.7832131850688088e-04
   7.2488184841589361e+02   1.8536991216044010e+00   6.5835926979628369e-04
   7.2649260277176779e+02   1.8534833174955301e+00   6.3893210626430339e-04
   7.2806786216596345e+02   1.8532674886398939e+00   6.2004001423348449e-04
   7.2964996769836137e+02   1.8530516350125403e+00   6.0168317971149871e-04
   7.3123896409652741e+02   1.8528627420435517e+00   5.8382630059035736e-04
   7.3279167158192763e+02   1.8526468419284088e+00   5.6648681033520762e-04
   7.3439439616953371e+02   1.8524309169714075e+00   5.4968311681196128e-04
   7.3596054736093834e+02   1.8522419616494237e+00   5.3338063839203245e-04
   7.3757717881738313e+02   1.8520259900651981e+00   5.1756833058325157e-04
   7.3915694907187060e+02   1.8518099935658854e+00   5.0226535290033006e-04
   7.4074350107321732e+02   1.8516209756918141e+00   4.8746477381205833e-04
   7.4229252554221193e+02   1.8514049324500690e+00   4.7318119569889094e-04
   7.4389258128255813e+02   1.8512158736960564e+00   4.5937376196595800e-04
   7.4545481819272777e+02   1.8509997836278282e+00   4.4608325037450911e-04
   7.4706855081178583e+02   1.8508106839164116e+00   4.3324258230638998e-04
   7.4864416993070222e+02   1.8506215650876454e+00   4.2091263522399868e-04
   7.5022644927536237e+02   1.8504054062124671e+00   4.0907251874991430e-04
   7.5181543116490161e+02   1.8502162463214842e+00   3.9768324437806723e-04
   7.5336547207567764e+02   1.8500270672607246e+00   3.8677812485542499e-04
   7.5496779290228505e+02   1.8498108394235782e+00   3.7636280708834032e-04
   7.5653087321885278e+02   1.8496216192151926e+00   3.6642629648526499e-04
   7.5814670165375003e+02   1.8494323797836232e+00   3.5692032159466593e-04
   7.5972298660796184e+02   1.8492431211265266e+00   3.4789909057488818e-04
   7.6130583981861639e+02   1.8490538432309311e+00   3.3936275132387655e-04
   7.6289530242554497e+02   1.8488645460745476e+00   3.3125736644052902e-04
   7.6444437607679060e+02   1.8486752296505478e+00   3.2361011294606569e-04
   7.6604698483166851e+02   1.8484858939473499e+00   3.1642113249746694e-04
   7.6760889712696940e+02   1.8482965389537054e+00   3.0969056529660943e-04
   7.6917719167904909e+02   1.8481071646586997e+00   3.0341855219086141e-04
   7.7079972701327722e+02   1.8479177710473946e+00   2.9757817610472168e-04
   7.7238110040410322e+02   1.8477283581140576e+00   2.9219663009707157e-04
   7.7392076247430396e+02   1.8475389258403430e+00   2.8721992955597062e-04
   7.7551498127340824e+02   1.8473494742253311e+00   2.8270232974502839e-04
   7.7711578157252779e+02   1.8471600032597240e+00   2.7864397198839832e-04
   7.7867439674083357e+02   1.8469705129264979e+00   2.7499085491266954e-04
   7.8028828036678806e+02   1.8468080771582258e+00   2.7176619273542891e-04
   7.8185966016362488e+02   1.8466185508515920e+00   2.6897812745462429e-04
   7.8343738176314798e+02   1.8464290051577117e+00   2.6662276129424200e-04
   7.8502148363452557e+02   1.8462394400650946e+00   2.6467314574635036e-04
   7.8656220322886998e+02   1.8460769402300941e+00   2.6315262884345382e-04
   7.8815897988961501e+02   1.8458873391044230e+00   2.6204199449800252e-04
   7.8976225287648606e+02   1.8457248083908488e+00   2.6136073899026707e-04
   7.9132165605095543e+02   1.8455351712047163e+00   2.6106248607401925e-04
   7.9288722956155482e+02   1.8453726095892489e+00   2.6119386260430879e-04
   7.9450981646095806e+02   1.8451829363251511e+00   2.6173556575045969e-04
   7.9608804306036154e+02   1.8450203437904955e+00   2.6268003047115170e-04
   7.9762134052388296e+02   1.8448306344254268e+00   2.6403507792931613e-04
   7.9921196526214214e+02   1.8446680109330074e+00   2.6563045338991799e-04
   8.0080894675776722e+02   1.8445053731040728e+00   2.6722611247436095e-04
   8.0236050116249032e+02   1.8443156108112295e+00   2.6885311675097612e-04
   8.0397010289264233e+02   1.8441529419066254e+00   2.7044936924164840e-04
   8.0553394281268243e+02   1.8439902586574932e+00   2.7207302090108794e-04
   8.0710387838627958e+02   1.8438275610560839e+00   2.7369696089679229e-04
   8.0867994532317914e+02   1.8436648491026484e+00   2.7534830998856197e-04
   8.1026217961260033e+02   1.8435021227853112e+00   2.7697282994353382e-04
   8.1185061752597528e+02   1.8433122572244900e+00   2.7862886401122612e-04
   8.1344529561972104e+02   1.8431494997849480e+00   2.8028111652309121e-04
   8.1499278404618212e+02   1.8429867279735332e+00   2.8193366355018680e-04
   8.1659984225055859e+02   1.8428239417906136e+00   2.8361363659096679e-04
   8.1815936779716833e+02   1.8426611412240537e+00   2.8526677403090713e-04
   8.1972486144101345e+02   1.8424983262784198e+00   2.8694734363293641e-04
   8.2129635750644559e+02   1.8423626362145584e+00   2.8865109927295602e-04
   8.2287389058153406e+02   1.8421997948900146e+00   2.9033224388902326e-04
   8.2445749552060522e+02   1.8420369391757179e+00   2.9204083182167993e-04
   8.2604720744680867e+02   1.8418740690592701e+00   2.9372257792301349e-04
   8.2764306175471324e+02   1.8417111845454848e+00   2.9543177244586121e-04
   8.2918974838149916e+02   1.8415482856306189e+00   2.9716842297060602e-04
   8.3079777985823193e+02   1.8413853723021143e+00   2.9887822967448628e-04
   8.3235629103577662e+02   1.8412496002353975e+00   3.0061106301556580e-04
   8.3392066049134110e+02   1.8410866604846945e+00   3.0234861379997469e-04
   8.3549092131809005e+02   1.8409237063139212e+00   3.0408647474532624e-04
   8.3706710685891392e+02   1.8407879002053897e+00   3.0584729508993387e-04
   8.3864925070878894e+02   1.8406249195881803e+00   3.0758575204417198e-04
   8.4023738671716501e+02   1.8404619245446143e+00   3.0935168630293953e-04
   8.4183154899037811e+02   1.8403260843642661e+00   3.1111334291314841e-04
   8.4337451632611499e+02   1.8401630628590564e+00   3.1290705241157320e-04
   8.4498061620077544e+02   1.8400000269075185e+00   3.1467390849377805e-04
   8.4653515944399021e+02   1.8398641526344273e+00   3.1646358196768645e-04
   8.4809543313536767e+02   1.8397010902014210e+00   3.1825822320705682e-04
   8.4966146901928596e+02   1.8395651938565301e+00   3.2007563616154858e-04
   8.5123329907502568e+02   1.8394021049245521e+00   3.2187089422229558e-04
   8.5281095551894555e+02   1.8392661864924518e+00   3.2368887355653856e-04
   8.5439447080668458e+02   1.8391030710533927e+00   3.2551193513240555e-04
   8.5598387763538665e+02   1.8389671305233397e+00   3.2733048336921095e-04
   8.5757920894595156e+02   1.8388039885644063e+00   3.2918136137698710e-04
   8.5912108429569184e+02   1.8386680259256476e+00   3.3100048038935093e-04
   8.6066851402840325e+02   1.8385048574291143e+00   3.3285199002080671e-04
   8.6228137146029974e+02   1.8383688726758129e+00   3.3469887850352353e-04
   8.6384021693783893e+02   1.8382328778698165e+00   3.3657324269444256e-04
   8.6540470883254397e+02   1.8380696707502544e+00   3.3842569171656293e-04
   8.6697487787857642e+02   1.8379336538092244e+00   3.4030064089073320e-04
   8.6855075503355715e+02   1.8377704201253737e+00   3.4218093478246365e-04
   8.7013237148059955e+02   1.8376343810436226e+00   3.4408367982013835e-04
   8.7171975863036766e+02   1.8374983318871270e+00   3.4595949791595121e-04
   8.7325156392774295e+02   1.8373622726638679e+00   3.4786280800589326e-04
   8.7485036265051770e+02   1.8371989882264146e+00   3.4977158388117200e-04
   8.7639319977426658e+02   1.8370629068420046e+00   3.5170270836794537e-04
   8.7794148823404714e+02   1.8369268153733944e+00   3.5360690175683204e-04
   8.7955752212389382e+02   1.8367907138287958e+00   3.5553860062218612e-04
   8.8111702127659578e+02   1.8366273785907170e+00   3.5747588642350188e-04
   8.8268206039076392e+02   1.8364912548591807e+00   3.5940819128780230e-04
   8.8425266903914599e+02   1.8363551210392730e+00   3.6134078463033047e-04
   8.8582887700534764e+02   1.8362189771341384e+00   3.6330089642169284e-04
   8.8741071428571433e+02   1.8360828231362054e+00   3.6526130061485611e-04
   8.8893460217515747e+02   1.8359194249356359e+00   3.6722744501175940e-04
   8.9052756074833349e+02   1.8357832487306975e+00   3.6921570146995471e-04
   8.9206218137430892e+02   1.8356470624203274e+00   3.7117701670294137e-04
   8.9366637893828226e+02   1.8355108660132640e+00   3.7316586510062287e-04
   8.9521184608733256e+02   1.8353746595017819e+00   3.7515501057838025e-04
   8.9676266782156779e+02   1.8352384428892312e+00   3.7717169813882245e-04
   8.9831887201735367e+02   1.8351022161621946e+00   3.7916144094175168e-04
   8.9988048674489357e+02   1.8349659793296507e+00   3.8117872918885082e-04
   9.0144754026991723e+02   1.8348297323837488e+00   3.8319631922613287e-04
   9.0302006105538601e+02   1.8346934753222373e+00   3.8521421149941432e-04
   9.0459807776321554e+02   1.8345572081486159e+00   3.8725965958114891e-04
   9.0618161925601748e+02   1.8344209308549402e+00   3.8930541399207570e-04
   9.0770439102798275e+02   1.8342846434389555e+00   3.9135147446730221e-04
   9.0929883627314655e+02   1.8341483458984067e+00   3.9339784131115976e-04
   9.1083211143695019e+02   1.8340120382310372e+00   3.9544451425946206e-04
   9.1243757344300832e+02   1.8338757204405001e+00   3.9751875866143920e-04
   9.1398146104612681e+02   1.8337393925186904e+00   3.9959331330236193e-04
   9.1553058216654392e+02   1.8336030544633497e+00   4.0166817917968388e-04
   9.1708496346054494e+02   1.8334667062722185e+00   4.0374335534476015e-04
   9.1864463176574975e+02   1.8333303479490730e+00   4.0584611548007073e-04
   9.2020961410265909e+02   1.8331939794856795e+00   4.0794919042636208e-04
   9.2177993767621308e+02   1.8330576008797757e+00   4.1005258075486032e-04
   9.2335562987736910e+02   1.8329212121290985e+00   4.1215628648566907e-04
   9.2486786272612233e+02   1.8327848132375515e+00   4.1428758820019824e-04
   9.2645413870246091e+02   1.8326484041967674e+00   4.1641920965573739e-04
   9.2797654616074101e+02   1.8325392697510876e+00   4.1854491882141817e-04
   9.2957351290684630e+02   1.8324028424364720e+00   4.2067714688505810e-04
   9.3110619800644542e+02   1.8322664049725725e+00   4.2283698372082323e-04
   9.3264394564972599e+02   1.8321299573445593e+00   4.2496985371279200e-04
   9.3418678096097449e+02   1.8319934995627918e+00   4.2713033655230806e-04
   9.3573472923100098e+02   1.8318570316250997e+00   4.2931843843811983e-04
   9.3728781591852146e+02   1.8317478500517128e+00   4.3147314187362015e-04
   9.3884606665155309e+02   1.8316113638167386e+00   4.3366186486471528e-04
   9.4040950722882462e+02   1.8314748674131516e+00   4.3585091669036890e-04
   9.4197816362119954e+02   1.8313383608386797e+00   4.3804029723624462e-04
   9.4355206197311463e+02   1.8312291483581948e+00   4.4022344280245947e-04
   9.4505933363760857e+02   1.8310926234775291e+00   4.4244075339484629e-04
   9.4664355379457481e+02   1.8309560884130469e+00   4.4463108932325476e-04
   9.4816072655117159e+02   1.8308195431823679e+00   4.4687637461096635e-04
   9.4975537038452717e+02   1.8307102997689226e+00   4.4908798521384966e-04
   9.5128254211332307e+02   1.8305737362033911e+00   4.5130659506774649e-04
   9.5281463302400493e+02   1.8304371624587912e+00   4.5355285443884685e-04
   9.5435166692272242e+02   1.8303005785261448e+00   4.5579945154051662e-04
   9.5589366776948521e+02   1.8301913041538114e+00   4.5803954932450291e-04
   9.5744065967940821e+02   1.8300547018843669e+00   4.6031410924645446e-04
   9.5899266692396759e+02   1.8299180894136533e+00   4.6256168784878081e-04
   9.6054971393227152e+02   1.8298087922148909e+00   4.6482998842052695e-04
   9.6211182529234122e+02   1.8296721613960203e+00   4.6710553839594148e-04
   9.6360428139300416e+02   1.8295355203834069e+00   4.6940875994401705e-04
   9.6517635177128682e+02   1.8294262003371682e+00   4.7167795006145127e-04
   9.6675356003423860e+02   1.8292895409581209e+00   4.7398182762445454e-04
   9.6826046294131413e+02   1.8291802062239859e+00   4.7627893477166313e-04
   9.6977207087659053e+02   1.8290435284711348e+00   4.7858347086861784e-04
   9.7136434714620816e+02   1.8289068405142739e+00   4.8091569266447715e-04
   9.7288566953797965e+02   1.8287974829165488e+00   4.8324104134079719e-04
   9.7441176470588232e+02   1.8286607765744967e+00   4.8557392994959801e-04
   9.7594265514532617e+02   1.8285514042668549e+00   4.8789987407923821e-04
   9.7747836349331260e+02   1.8284146795321941e+00   4.9023343007096676e-04
   9.7901891252955090e+02   1.8282779445832420e+00   4.9259468602029944e-04
   9.8056432517758492e+02   1.8281685493888158e+00   4.9494889307895112e-04
   9.8211462450592899e+02   1.8280317960358501e+00   4.9731082481564584e-04
   9.8366983372921629e+02   1.8279223861164748e+00   4.9966563516543484e-04
   9.8515185155816346e+02   1.8277856143520652e+00   5.0202824277151465e-04
   9.8671670240648075e+02   1.8276761897093452e+00   5.0441101387063518e-04
   9.8820792236716511e+02   1.8275393995336795e+00   5.0680165925155057e-04
   9.8978250478011466e+02   1.8274299601542618e+00   5.0918504162100536e-04
   9.9128301284608631e+02   1.8272931515600830e+00   5.1160373431873908e-04
   9.9278807735336420e+02   1.8271836974380506e+00   5.1398772948015059e-04
   9.9437730110453026e+02   1.8270468704103644e+00   5.1640711322834031e-04
   9.9589178356713433e+02   1.8269374015475319e+00   5.1881908998729605e-04
   9.9741088631984587e+02   1.8268005560789249e+00   5.2123916695820882e-04
   9.9893463053791118e+02   1.8266910724695176e+00   5.2367913453870449e-04
   1.0004630375261719e+03   1.8265542085525721e+00   5.2609990752308720e-04
   1.0019961287200581e+03   1.8264447101828898e+00   5.2854049984210367e-04
   1.0142664707323048e+03   1.8254589288542895e+00   5.4857437990076929e-04
   1.0177562054558862e+03   1.8251850062905197e+00   5.5424518414392122e-04
   1.0211860923886243e+03   1.8249110426370150e+00   5.5994510210499217e-04
   1.0245546759030183e+03   1.8246370378840397e+00   5.6570154961636029e-04
   1.0280306164666945e+03   1.8243629920050337e+00   5.7148714625185370e-04
   1.0314445828144460e+03   1.8241163157263633e+00   5.7732064061443952e-04
   1.0348812994585592e+03   1.8238421916692236e+00   5.8319190374435219e-04
   1.0383409945674887e+03   1.8235680264332927e+00   5.8909236419441794e-04
   1.0417365420090557e+03   1.8232938200092319e+00   5.9504945827198996e-04
   1.0451543703205182e+03   1.8230195723699771e+00   6.0103578506080335e-04
   1.0485946995273464e+03   1.8227727144472960e+00   6.0706965342549591e-04
   1.0520577525616056e+03   1.8224983884609900e+00   6.1314183163022767e-04
   1.0554540820660948e+03   1.8222240212065732e+00   6.1924329122565720e-04
   1.0589626662120695e+03   1.8219496126751207e+00   6.2540148855074504e-04
   1.0623129542539548e+03   1.8216751628390471e+00   6.3158900311230534e-04
   1.0657759286265764e+03   1.8214281228802458e+00   6.3782368653873605e-04
   1.0692615543506327e+03   1.8211535945277246e+00   6.4409723784242322e-04
   1.0726774304955966e+03   1.8208790248273170e+00   6.5042761417232744e-04
   1.0761152013858812e+03   1.8206318769472996e+00   6.5677747116057615e-04
   1.0794812755235034e+03   1.8203572286302179e+00   6.6319400450594573e-04
   1.0829628661087866e+03   1.8200825389024742e+00   6.6963996071794539e-04
   1.0863719832109132e+03   1.8198352829633149e+00   6.7610514615020802e-04
   1.0898026315789475e+03   1.8195605145182108e+00   6.8263736770625947e-04
   1.0932550158394934e+03   1.8192857046195987e+00   6.8922654465936419e-04
   1.0967293432203392e+03   1.8190383404936608e+00   6.9583470116737546e-04
   1.1001283981227309e+03   1.8187634517666258e+00   7.0248277693385844e-04
   1.1035485876709897e+03   1.8184885215330435e+00   7.0918786942845687e-04
   1.1069901095963646e+03   1.8182410490825756e+00   7.1593917679906363e-04
   1.1104531641043975e+03   1.8179660399302759e+00   7.2273077229045878e-04
   1.1138380849919313e+03   1.8177184964207012e+00   7.2954090671388495e-04
   1.1173441856282038e+03   1.8174434082834763e+00   7.3641907846445866e-04
   1.1207713125845737e+03   1.8171682785520262e+00   7.4335438045841510e-04
   1.1241178067318133e+03   1.8169206264892332e+00   7.5030795521671256e-04
   1.1275866763477948e+03   1.8166454176605238e+00   7.5730243592776324e-04
   1.1310770211216313e+03   1.8163976943994109e+00   7.6434252495037407e-04
   1.1344854351200806e+03   1.8161224064300059e+00   7.7145130474242122e-04
   1.1379144531965560e+03   1.8158746119112084e+00   7.7857798690630323e-04
   1.1413642627468994e+03   1.8155992447234026e+00   7.8577362493471880e-04
   1.1447295678614209e+03   1.8153238358065553e+00   7.9299900750867268e-04
   1.1482208872458411e+03   1.8150759324147718e+00   8.0026955025202455e-04
   1.1516268075639600e+03   1.8148004441779635e+00   8.0758190507278455e-04
   1.1550529936779474e+03   1.8145524693780435e+00   8.1493923427631491e-04
   1.1584996270048489e+03   1.8142769017672482e+00   8.2236619915519542e-04
   1.1619668911335580e+03   1.8140288554996282e+00   8.2981039447981573e-04
   1.1653456523778257e+03   1.8137532084361201e+00   8.3732450086955370e-04
   1.1688540784645782e+03   1.8135050906410626e+00   8.4485563779336059e-04
   1.1722730703906398e+03   1.8132293640581922e+00   8.5245696475633669e-04
   1.1757121226459735e+03   1.8129535955869682e+00   8.6008820290233248e-04
   1.1791714123006832e+03   1.8127053685069501e+00   8.6776374543238825e-04
   1.1825385494003426e+03   1.8124295204276486e+00   8.7550990657250046e-04
   1.1860381861575179e+03   1.8121812216691979e+00   8.8327258936209715e-04
   1.1894447103877453e+03   1.8119052939020348e+00   8.9110617725076313e-04
   1.1928708593374938e+03   1.8116569234189042e+00   8.9898367569057685e-04
   1.1963168030813674e+03   1.8113809158971144e+00   9.0690477387050407e-04
   1.1997827136648962e+03   1.8111324736159811e+00   9.1486957698914842e-04
   1.2031522370714702e+03   1.8108563862726090e+00   9.2287826510545118e-04
   1.2066579254079254e+03   1.8105802568949927e+00   9.3094464799851125e-04
   1.2100662316158569e+03   1.8103317049157635e+00   9.3905442606662484e-04
   1.2134938464543857e+03   1.8100554956144284e+00   9.4720852707628588e-04
   1.2169409344695860e+03   1.8098068716855569e+00   9.5540580990424674e-04
   1.2204076620825147e+03   1.8095305824080903e+00   9.6367534049677953e-04
   1.2237736406619385e+03   1.8092542509927971e+00   9.7197505491650649e-04
   1.2272794626098985e+03   1.8090055171343880e+00   9.8031762931429021e-04
   1.2306835066864785e+03   1.8087291056409680e+00   9.8873291442308823e-04
   1.2341064865401811e+03   1.8084802996810454e+00   9.9716319844722341e-04
   1.2375485606136069e+03   1.8082038080274898e+00   1.0056665028671306e-03
   1.2410098891219659e+03   1.8079549299212208e+00   1.0142122292795515e-03
   1.2444158419808487e+03   1.8076783580559521e+00   1.0228312972586793e-03
   1.2478530749992469e+03   1.8074017439275685e+00   1.0314806911277110e-03
   1.2512967457975365e+03   1.8071527555683109e+00   1.0401721681068028e-03
   1.2547341311922437e+03   1.8068760611098258e+00   1.0489097955748627e-03
   1.2581777120635179e+03   1.8065993243659269e+00   1.0577331532808890e-03
   1.2616146230007619e+03   1.8063502256131818e+00   1.0665705756550254e-03
   1.2650445992179866e+03   1.8060734084202252e+00   1.0754546249473721e-03
   1.2684932765644623e+03   1.8057965488881831e+00   1.0844244891392350e-03
   1.2719217420682453e+03   1.8055473396012549e+00   1.0934080523539115e-03
   1.2753687906131627e+03   1.8052703995336028e+00   1.1024664230649742e-03
   1.2788082469557698e+03   1.8049934170563529e+00   1.1115830013552961e-03
   1.2822398365173237e+03   1.8047440970944928e+00   1.1207129050867016e-03
   1.2856765874658499e+03   1.8044670339784430e+00   1.1299181208178615e-03
   1.2891184344325234e+03   1.8041899283985476e+00   1.1391816170148636e-03
   1.2925653110271860e+03   1.8039404976383160e+00   1.1484857747908264e-03
   1.2960036302184390e+03   1.8036633113342220e+00   1.1578657651327166e-03
   1.2994466990210026e+03   1.8033860824943104e+00   1.1672763921661479e-03
   1.3028807835899158e+03   1.8031365407775275e+00   1.1767273038430584e-03
   1.3063193312654435e+03   1.8028592311103777e+00   1.1862545688675792e-03
   1.3097622687259502e+03   1.8025818788709571e+00   1.1958402695874581e-03
   1.3131956409145203e+03   1.8023044840220075e+00   1.2054566912791168e-03
   1.3166470606937337e+03   1.8020547928682205e+00   1.2151128858958395e-03
   1.3200886168754585e+03   1.8017773170533802e+00   1.2248461444386057e-03
   1.3235200119315216e+03   1.8014997985930619e+00   1.2346379398186034e-03
   1.3269692923898533e+03   1.8012222374685276e+00   1.2444882998466056e-03
   1.3304081042588052e+03   1.8009723966413127e+00   1.2543779150625863e-03
   1.3338504648815788e+03   1.8006947543931191e+00   1.2643175609900958e-03
   1.3372962907149470e+03   1.8004170694261021e+00   1.2743158454602268e-03
   1.3407310282310282e+03   1.8001393417214901e+00   1.2843727962764393e-03
   1.3441689116816515e+03   1.7998615712605024e+00   1.2944884413239922e-03
   1.3476244712007808e+03   1.7995837580243506e+00   1.3046628085542490e-03
   1.3510537648440559e+03   1.7993336902378110e+00   1.3148478310658228e-03
   1.3545005560279976e+03   1.7990557956869613e+00   1.3251395570020017e-03
   1.3579501360819334e+03   1.7987778582858782e+00   1.3354622912648501e-03
   1.3613874947949771e+03   1.7984998780360448e+00   1.3458438499102980e-03
   1.3648273058839040e+03   1.7982218549186297e+00   1.3562842611967258e-03
   1.3682845437124167e+03   1.7979437889359335e+00   1.3668113626046320e-03
   1.3717290493540909e+03   1.7976656800056861e+00   1.3773417535885022e-03
   1.3751604976534136e+03   1.7973875281724536e+00   1.3879588908631102e-03
   1.3786091568831976e+03   1.7971093333962305e+00   1.3986349930075180e-03
   1.3820597821854872e+03   1.7968310956363180e+00   1.4093422616349299e-03
   1.3854968216794916e+03   1.7965528149173127e+00   1.4201363738240486e-03
   1.3889509989155590e+03   1.7962744911764983e+00   1.4309617002421914e-03
   1.3923912312554637e+03   1.7959961244167995e+00   1.4418460958150166e-03
   1.3958328652000989e+03   1.7957177146418346e+00   1.4528174326633625e-03
   1.3992757948798810e+03   1.7954392617878097e+00   1.4638200556155352e-03
   1.4027199132879450e+03   1.7951607658581501e+00   1.4748818325140947e-03
   1.4061810279453543e+03   1.7948822268339215e+00   1.4860027917853373e-03
   1.4096272763374373e+03   1.7946036446961822e+00   1.4971829617811084e-03
   1.4130743858052776e+03   1.7943250194259814e+00   1.5084223709176260e-03
   1.4165060941544004e+03   1.7940463510043609e+00   1.5197210475889824e-03
   1.4199707405163842e+03   1.7937676394123534e+00   1.5310790203019943e-03
   1.4234034508833438e+03   1.7934888846070067e+00   1.5424684388327522e-03
   1.4268527982910500e+03   1.7932100866171055e+00   1.5539450848033101e-03
   1.4303024372272941e+03   1.7929312453998654e+00   1.5654811120767351e-03
   1.4337522503808339e+03   1.7926523609362870e+00   1.5770765496250002e-03
   1.4372021192911018e+03   1.7923734331826351e+00   1.5887035298177113e-03
   1.4406519243480177e+03   1.7920665616592233e+00   1.6004427856664402e-03
   1.4441015447919935e+03   1.7917875429980665e+00   1.6122168118312254e-03
   1.4475508587141428e+03   1.7915084809871629e+00   1.6240224541850246e-03
   1.4509997430566912e+03   1.7912293756578765e+00   1.6359155559771269e-03
   1.4544480736135990e+03   1.7909502269660482e+00   1.6478682408765238e-03
   1.4578957250313908e+03   1.7906431122055915e+00   1.6599064211993261e-03
   1.4613425708102004e+03   1.7903638723507858e+00   1.6719506275679494e-03
   1.4648057536992280e+03   1.7900845891000856e+00   1.6840824273695577e-03
   1.4682506854495603e+03   1.7898052624085206e+00   1.6962739264074231e-03
   1.4717118589857496e+03   1.7894979517030345e+00   1.7085518299348077e-03
   1.4751543576347663e+03   1.7892185337094839e+00   1.7208630147714620e-03
   1.4786129988217513e+03   1.7889390722157232e+00   1.7332339866547050e-03
   1.4820525361454409e+03   1.7886316131167865e+00   1.7456920570260743e-03
   1.4855081128262768e+03   1.7883520601959468e+00   1.7581828936186913e-03
   1.4889619961888327e+03   1.7880724637431591e+00   1.7707615682338025e-03
   1.4924140499243208e+03   1.7877648560467538e+00   1.7834000871007690e-03
   1.4958641365858359e+03   1.7874851680141259e+00   1.7960708471733812e-03
   1.4993302116772466e+03   1.7872054363906602e+00   1.8088295470094404e-03
   1.5027760305786726e+03   1.7868976798922545e+00   1.8216487919817507e-03
   1.5062377245944572e+03   1.7866178565916078e+00   1.8345277295330794e-03
   1.5096787129073809e+03   1.7863099991995437e+00   1.8474956763075384e-03
   1.5131354590407523e+03   1.7860300841367591e+00   1.8604949768049404e-03
   1.5165895579780029e+03   1.7857221257284570e+00   1.8735837741775028e-03
   1.5200594626339746e+03   1.7854421188182830e+00   1.8867035590197528e-03
   1.5235079156805277e+03   1.7851340592993770e+00   1.8999133327397900e-03
   1.5269720508345420e+03   1.7848539604564764e+00   1.9131537232813893e-03
   1.5304142697002922e+03   1.7845457997627481e+00   1.9265126176521712e-03
   1.5338720430638550e+03   1.7842656089019167e+00   1.9398737400372582e-03
   1.5373264533372933e+03   1.7839573469092160e+00   1.9533538770179081e-03
   1.5407964579819425e+03   1.7836770639758597e+00   1.9668638851838877e-03
   1.5442437726843336e+03   1.7833687005897532e+00   1.9804653960946244e-03
   1.5477065477376921e+03   1.7830602840782861e+00   1.9941557958974869e-03
   1.5511655200829036e+03   1.7827798606253631e+00   2.0078474516112212e-03
   1.5546205343177128e+03   1.7824713425766079e+00   2.0216594308911655e-03
   1.5580909740772790e+03   1.7821908268368898e+00   2.0355003209311167e-03
   1.5615376880632471e+03   1.7818822071561768e+00   2.0494340115666050e-03
   1.5649996850790451e+03   1.7815735341933234e+00   2.0634287215666861e-03
   1.5684572654967808e+03   1.7812648079221070e+00   2.0774844837948597e-03
   1.5719301575251473e+03   1.7809841028980706e+00   2.0915964347754936e-03
   1.5753785092947176e+03   1.7806752748334311e+00   2.1058022498786693e-03
   1.5788420236627737e+03   1.7803663933846650e+00   2.1200692250850084e-03
   1.5823006482672542e+03   1.7800574585254922e+00   2.1343973936728011e-03
   1.5857744591231096e+03   1.7797765638244869e+00   2.1487528703077264e-03
   1.5892432266482465e+03   1.7794675269782301e+00   2.1632313833543511e-03
   1.5927067842674737e+03   1.7791584366456492e+00   2.1777711979941695e-03
   1.5961649643476585e+03   1.7788492928004076e+00   2.1923723475624972e-03
   1.5996175982077332e+03   1.7785400954510386e+00   2.2070629782567331e-03
   1.6030852010993692e+03   1.7782308445367785e+00   2.2218150203194543e-03
   1.6065470956395802e+03   1.7779496624901470e+00   2.2365931296526951e-03
   1.6100239745998836e+03   1.7776403092604158e+00   2.2514678471323738e-03
   1.6134740259740261e+03   1.7773309023891504e+00   2.2664040750978286e-03
   1.6169388950348150e+03   1.7770214418860490e+00   2.2814299841462282e-03
   1.6204186774488066e+03   1.7767119276890495e+00   2.2965174806459134e-03
   1.6238710183381911e+03   1.7764023598083274e+00   2.3116947448893264e-03
   1.6273381012260295e+03   1.7760927381444103e+00   2.3269055220322115e-03
   1.6308200207400798e+03   1.7757830627443267e+00   2.3422061440058111e-03
   1.6342738752959749e+03   1.7754733335823460e+00   2.3575966593566266e-03
   1.6377423904876152e+03   1.7751635505574239e+00   2.3730207837670569e-03
   1.6412256598589131e+03   1.7748537137180820e+00   2.3885348788170815e-03
   1.6446802314036458e+03   1.7745438230385573e+00   2.4041389931754868e-03
   1.6481493764924385e+03   1.7742056970672362e+00   2.4198152486372957e-03
   1.6516331875407134e+03   1.7738956936279522e+00   2.4355434287938330e-03
   1.6550876585313868e+03   1.7735856362675186e+00   2.4513617561647098e-03
   1.6585566101966440e+03   1.7732755248816701e+00   2.4672138867125920e-03
   1.6620401337792644e+03   1.7729653595219856e+00   2.4831562423626810e-03
   1.6655159932434244e+03   1.7726551401626369e+00   2.4991888718969382e-03
   1.6689840003224119e+03   1.7723166553161842e+00   2.5152954392141480e-03
   1.6724439658073634e+03   1.7720063228589868e+00   2.5314525925239201e-03
