			
300		1.381	9.50E-06			
305		1.4		6.98E-06			
310		1.431	5.01E-06			
315		1.458	3.54E-06			
320		1.492	2.40E-06			
325		1.513	1.65E-06			
330		1.53	1.10E-06			
335		1.546	7.22E-07			
340		1.555	4.53E-07			
345		1.559	2.98E-07			
350		1.563	1.78E-07			
355		1.563	1.14E-07			
360		1.563	6.71E-08			
365		1.563	5.83E-08			
370		1.559	4.92E-08			
375		1.559	4.99E-08			
380		1.559	4.04E-08			
385		1.555	4.09E-08			
390		1.555	4.15E-08			
395		1.555	1.05E-08			
400		1.55	2.12E-08			
410		1.55	3.27E-08			
420		1.546	5.58E-08			
430		1.546	3.43E-08			
440		1.546	3.51E-08			
450		1.542	3.59E-08			
460		1.542	2.44E-08			
470		1.542	1.25E-08			
480		1.538	3.83E-08			
490		1.538	2.60E-08			
500		1.538	1.33E-08			
510		1.538	2.71E-08			
520		1.534	4.14E-08			
530		1.534	2.82E-08			
540		1.534	2.87E-08			
550		1.534	2.92E-08			
560		1.53	4.46E-08			
570		1.53	3.03E-08			
580		1.53	7.71E-08			
590		1.53	7.85E-08			
600		1.53	7.98E-08			
610		1.526	9.74E-08			
620		1.526	1.16E-07			
630		1.526	1.17E-07			
640		1.521	1.54E-07			
650		1.521	1.56E-07			
660		1.521	1.41E-07			
670		1.521	1.61E-07			
680		1.521	1.63E-07			
690		1.521	1.84E-07			
700		1.521	1.87E-07			
710		1.517	2.27E-07			
720		1.517	2.11E-07			
730		1.517	2.73E-07			
740		1.517	2.77E-07			
750		1.517	2.81E-07			
760		1.517	3.05E-07			
770		1.517	3.50E-07			
780		1.517	3.13E-07			
790		1.513	3.81E-07			
800		1.517	3.21E-07			
810		1.517	4.12E-07			
820		1.513	4.62E-07			
830		1.513	4.45E-07			
840		1.513	3.82E-07			
850		1.509	4.33E-07			
860		1.513	4.38E-07			
870		1.538	3.25E-07			
880		1.509	5.91E-07			
890		1.5		5.74E-07			
900		1.505	5.80E-07			
910		1.517	5.86E-07			
920		1.5		6.43E-07			
930		1.47	8.53E-07			
940		1.517	6.83E-07			
950		1.5		6.90E-07			
960		1.5		7.23E-07			
970		1.483	7.57E-07			
980		1.509	5.78E-07			
990		1.5		7.19E-07			
1000	1.492	7.26E-07			
1050	1.5		8.48E-07			
1100	1.509	7.09E-07			
1150	1.53	5.23E-07			
1200	1.517	6.11E-07			
1250	1.492	9.76E-07			
1300	1.517	6.97E-07			
1350	1.526	5.41E-07			
1400	1.488	8.26E-07			
1450	1.505	6.60E-07			
1500	1.505	8.04E-07			
1550	1.479	7.47E-07			
1600	1.496	8.14E-07			
1650	1.513	3.52E-07			
1700	1.479	5.90E-07			
1750	1.509	4.20E-07			
1800	1.488	9.16E-07			
1850	1.483	8.91E-07			
1900	1.5		1.02E-06			
1950	1.5		1.10E-06			
2000	1.5		1.29E-06			
2050	1.517	1.10E-06			
2100	1.488	1.75E-06			
2150	1.5		1.68E-06			
2200	1.488	2.75E-06			
2250	1.462	3.19E-06			
2300	1.462	3.00E-06			
2350	1.5		2.22E-06			
2400	1.47	2.93E-06			
2450	1.492	4.23E-06			
2500	1.492	3.33E-06			
