   3.0000000e+02   1.6163282e+00   2.8988463e-01
   3.0100000e+02   1.6172012e+00   2.9100000e-01
   3.0200000e+02   1.6227336e+00   2.9100000e-01
   3.0300000e+02   1.6234525e+00   3.0087503e-01
   3.0400000e+02   1.6304809e+00   3.0201750e-01
   3.0500000e+02   1.6313025e+00   3.1062202e-01
   3.0600000e+02   1.6415016e+00   3.0628322e-01
   3.0700000e+02   1.6423233e+00   3.2259775e-01
   3.0800000e+02   1.6494155e+00   3.2321396e-01
   3.0900000e+02   1.6501858e+00   3.2515467e-01
   3.1000000e+02   1.6603507e+00   3.2582223e-01
   3.1100000e+02   1.6611723e+00   3.3394294e-01
   3.1200000e+02   1.6697752e+00   3.3455917e-01
   3.1300000e+02   1.6705968e+00   3.3770060e-01
   3.1400000e+02   1.6823739e+00   3.3836816e-01
   3.1500000e+02   1.6831442e+00   3.4279376e-01
   3.1600000e+02   1.6839354e+00   3.4340996e-01
   3.1700000e+02   1.6847570e+00   3.4406171e-01
   3.1800000e+02   1.6965304e+00   3.4472930e-01
   3.1900000e+02   1.6973006e+00   3.4905020e-01
   3.2000000e+02   1.7089694e+00   3.4966641e-01
   3.2100000e+02   1.7097910e+00   3.5032286e-01
   3.2200000e+02   1.7246789e+00   3.5099045e-01
   3.2300000e+02   1.7255005e+00   3.5110000e-01
   3.2400000e+02   1.7434809e+00   3.5110000e-01
   3.2500000e+02   1.7443025e+00   3.5110000e-01
   3.2600000e+02   1.7451241e+00   3.5110000e-01
   3.2700000e+02   1.7459458e+00   3.5110000e-01
   3.2800000e+02   1.7608066e+00   3.5110000e-01
   3.2900000e+02   1.7615769e+00   3.5110000e-01
   3.3000000e+02   1.7733507e+00   3.5105660e-01
   3.3100000e+02   1.7741723e+00   3.5038588e-01
   3.3200000e+02   1.7905564e+00   3.5070606e-01
   3.3300000e+02   1.7913781e+00   3.4747706e-01
   3.3400000e+02   1.8062368e+00   3.4771205e-01
   3.3500000e+02   1.8070071e+00   3.3634598e-01
   3.3600000e+02   1.8250095e+00   3.4211365e-01
   3.3700000e+02   1.8257284e+00   3.3136384e-01
   3.3800000e+02   1.8359887e+00   3.2579111e-01
   3.3900000e+02   1.8368103e+00   3.2182348e-01
   3.4000000e+02   1.8406572e+00   3.2052720e-01
   3.4100000e+02   1.8415302e+00   3.1393854e-01
   3.4200000e+02   1.8564339e+00   3.1174763e-01
   3.4300000e+02   1.8572556e+00   2.9892504e-01
   3.4400000e+02   1.8673854e+00   3.0403106e-01
   3.4500000e+02   1.8681043e+00   2.9466437e-01
   3.4600000e+02   1.8783755e+00   2.8141604e-01
   3.4700000e+02   1.8791971e+00   2.6505121e-01
   3.4800000e+02   1.8893217e+00   2.7133733e-01
   3.4900000e+02   1.8900406e+00   2.5139565e-01
   3.5000000e+02   1.9003170e+00   2.5122738e-01
   3.5100000e+02   1.9011386e+00   2.4506796e-01
   3.5200000e+02   1.9019602e+00   2.3431815e-01
   3.5300000e+02   1.9027818e+00   2.3655607e-01
   3.5400000e+02   1.9097454e+00   2.1721722e-01
   3.5500000e+02   1.9105157e+00   2.1899092e-01
   3.5600000e+02   1.9113775e+00   1.9817028e-01
   3.5700000e+02   1.9122504e+00   1.9457109e-01
   3.5800000e+02   1.9123000e+00   1.7297558e-01
   3.5900000e+02   1.9124304e+00   1.7746807e-01
   3.6000000e+02   1.9138000e+00   1.6179716e-01
   3.6100000e+02   1.9138435e+00   1.5324345e-01
   3.6200000e+02   1.9146652e+00   1.3826217e-01
   3.6300000e+02   1.9181697e+00   1.4174129e-01
   3.6400000e+02   1.9157851e+00   1.2310979e-01
   3.6500000e+02   1.9177752e+00   1.1988527e-01
   3.6600000e+02   1.9137127e+00   1.1825652e-01
   3.6700000e+02   1.9126404e+00   1.0142641e-01
   3.6800000e+02   1.9001024e+00   1.0074428e-01
   3.6900000e+02   1.9053940e+00   8.0693466e-02
   3.7000000e+02   1.8928566e+00   8.0983689e-02
   3.7100000e+02   1.8889084e+00   6.7481123e-02
   3.7200000e+02   1.8857387e+00   6.2765245e-02
   3.7300000e+02   1.8813195e+00   5.5526909e-02
   3.7400000e+02   1.8755627e+00   5.5358240e-02
   3.7500000e+02   1.8760789e+00   4.6703680e-02
   3.7600000e+02   1.8644764e+00   4.5434061e-02
   3.7700000e+02   1.8630232e+00   3.6120596e-02
   3.7800000e+02   1.8496527e+00   3.5359078e-02
   3.7900000e+02   1.8486221e+00   2.5328667e-02
   3.8000000e+02   1.8343609e+00   2.7346085e-02
   3.8100000e+02   1.8381086e+00   2.1404033e-02
   3.8200000e+02   1.8298855e+00   1.8429513e-02
   3.8300000e+02   1.8224008e+00   1.4513882e-02
   3.8400000e+02   1.8244933e+00   1.6225625e-02
   3.8500000e+02   1.8161538e+00   1.2944375e-02
   3.8600000e+02   1.8110700e+00   1.1563964e-02
   3.8700000e+02   1.8011123e+00   1.2774340e-02
   3.8800000e+02   1.8020258e+00   1.0830429e-02
   3.8900000e+02   1.7894871e+00   1.2663149e-02
   3.9000000e+02   1.7885714e+00   1.0719237e-02
   3.9100000e+02   1.7768624e+00   1.2551762e-02
   3.9200000e+02   1.7767334e+00   1.0607851e-02
   3.9300000e+02   1.7701758e+00   1.2440571e-02
   3.9400000e+02   1.7656093e+00   1.0496659e-02
   3.9500000e+02   1.7598523e+00   1.2486999e-02
   3.9600000e+02   1.7611714e+00   1.1194141e-02
   3.9700000e+02   1.7537574e+00   1.5493668e-02
   3.9800000e+02   1.7521718e+00   1.6161259e-02
   3.9900000e+02   1.7464677e+00   1.7800000e-02
   4.0000000e+02   1.7455058e+00   1.7800000e-02
   4.0100000e+02   1.7397493e+00   1.9340875e-02
   4.0200000e+02   1.7400454e+00   1.9957081e-02
   4.0300000e+02   1.7359829e+00   2.0596061e-02
   4.0400000e+02   1.7354737e+00   2.1263618e-02
   4.0500000e+02   1.7338704e+00   2.1905716e-02
   4.0600000e+02   1.7331338e+00   2.2521953e-02
   4.0700000e+02   1.7306975e+00   2.5660280e-02
   4.0800000e+02   1.7290219e+00   2.6327837e-02
   4.0900000e+02   1.7289651e+00   2.8192343e-02
   4.1000000e+02   1.7273619e+00   2.8859934e-02
   4.1100000e+02   1.7256854e+00   2.9494618e-02
   4.1200000e+02   1.7232490e+00   3.0110825e-02
   4.1300000e+02   1.7239346e+00   3.2024258e-02
   4.1400000e+02   1.7214983e+00   3.2640464e-02
   4.1500000e+02   1.7194177e+00   3.3294726e-02
   4.1600000e+02   1.7185922e+00   3.3962283e-02
   4.1700000e+02   1.7177813e+00   3.4100000e-02
   4.1800000e+02   1.7170074e+00   3.4100000e-02
   4.1900000e+02   1.7165000e+00   3.4100000e-02
   4.2000000e+02   1.7165000e+00   3.4100000e-02
   4.2100000e+02   1.7165000e+00   3.4706275e-02
   4.2200000e+02   1.7165000e+00   3.5373832e-02
   4.2300000e+02   1.7165000e+00   3.5400000e-02
   4.2400000e+02   1.7165000e+00   3.5400000e-02
   4.2500000e+02   1.7165000e+00   3.5400000e-02
   4.2600000e+02   1.7165000e+00   3.5400000e-02
   4.2700000e+02   1.7160268e+00   3.5400000e-02
   4.2800000e+02   1.7152014e+00   3.5400000e-02
   4.2900000e+02   1.7149000e+00   3.5400000e-02
   4.3000000e+02   1.7149000e+00   3.5380482e-02
   4.3100000e+02   1.7149000e+00   3.5277538e-02
   4.3200000e+02   1.7149000e+00   3.5200000e-02
   4.3300000e+02   1.7142814e+00   3.5200000e-02
   4.3400000e+02   1.7134559e+00   3.5027460e-02
   4.3500000e+02   1.7133000e+00   3.4459894e-02
   4.3600000e+02   1.7133000e+00   3.4100000e-02
   4.3700000e+02   1.7126280e+00   3.4100000e-02
   4.3800000e+02   1.7118541e+00   3.3816283e-02
   4.3900000e+02   1.7118000e+00   3.3145558e-02
   4.4000000e+02   1.7118000e+00   3.2499845e-02
   4.4100000e+02   1.7118000e+00   3.1880714e-02
   4.4200000e+02   1.7117633e+00   3.1600000e-02
   4.4300000e+02   1.7109378e+00   3.1600000e-02
   4.4400000e+02   1.7116315e+00   3.1194991e-02
   4.4500000e+02   1.7099767e+00   3.0524335e-02
   4.4600000e+02   1.7086000e+00   3.0300000e-02
   4.4700000e+02   1.7086000e+00   3.0300000e-02
   4.4800000e+02   1.7084256e+00   2.9852515e-02
   4.4900000e+02   1.7076518e+00   2.9233416e-02
   4.5000000e+02   1.7071000e+00   2.9100000e-02
   4.5100000e+02   1.7071000e+00   2.9100000e-02
   4.5200000e+02   1.7068158e+00   2.8535450e-02
   4.5300000e+02   1.7059903e+00   2.7864725e-02
   4.5400000e+02   1.7055000e+00   2.7240615e-02
   4.5500000e+02   1.7055000e+00   2.6621484e-02
   4.5600000e+02   1.7051176e+00   2.5952549e-02
   4.5700000e+02   1.7042921e+00   2.5300000e-02
   4.5800000e+02   1.7039000e+00   2.5300000e-02
   4.5900000e+02   1.7039000e+00   2.5247869e-02
   4.6000000e+02   1.7034494e+00   2.4628738e-02
   4.6100000e+02   1.7026755e+00   2.4002074e-02
   4.6200000e+02   1.7018683e+00   2.3331349e-02
   4.6300000e+02   1.7010429e+00   2.2800000e-02
   4.6400000e+02   1.7002174e+00   2.2800000e-02
   4.6500000e+02   1.6993919e+00   2.2635877e-02
   4.6600000e+02   1.6986060e+00   2.2016778e-02
   4.6700000e+02   1.6978321e+00   2.1380818e-02
   4.6800000e+02   1.6970154e+00   2.0710127e-02
   4.6900000e+02   1.6961899e+00   2.0300000e-02
   4.7000000e+02   1.6969682e+00   2.0300000e-02
   4.7100000e+02   1.6961427e+00   2.0001058e-02
   4.7200000e+02   1.6961000e+00   1.9330332e-02
   4.7300000e+02   1.6960955e+00   1.8685791e-02
   4.7400000e+02   1.6952700e+00   1.8066660e-02
   4.7500000e+02   1.6944479e+00   1.7800000e-02
   4.7600000e+02   1.6936740e+00   1.7800000e-02
   4.7700000e+02   1.6928935e+00   1.7379791e-02
   4.7800000e+02   1.6920680e+00   1.6709065e-02
   4.7900000e+02   1.6914000e+00   1.6500000e-02
   4.8000000e+02   1.6914000e+00   1.6500000e-02
   4.8100000e+02   1.6911953e+00   1.6038462e-02
   4.8200000e+02   1.6903698e+00   1.5419362e-02
   4.8300000e+02   1.6895602e+00   1.5300000e-02
   4.8400000e+02   1.6887863e+00   1.5300000e-02
   4.8500000e+02   1.6879933e+00   1.5300000e-02
   4.8600000e+02   1.6871678e+00   1.5300000e-02
   4.8700000e+02   1.6879461e+00   1.4681824e-02
   4.8800000e+02   1.6871206e+00   1.4011133e-02
   4.8900000e+02   1.6862951e+00   1.4000000e-02
   4.9000000e+02   1.6854696e+00   1.4000000e-02
   4.9100000e+02   1.6846441e+00   1.4000000e-02
   4.9200000e+02   1.6838186e+00   1.3939449e-02
   4.9300000e+02   1.6845969e+00   1.3320318e-02
   4.9400000e+02   1.6837713e+00   1.2800000e-02
   4.9500000e+02   1.6829805e+00   1.2800000e-02
   4.9600000e+02   1.6822066e+00   1.2654587e-02
   4.9700000e+02   1.6813949e+00   1.1983861e-02
   4.9800000e+02   1.6805694e+00   1.1327510e-02
   4.9900000e+02   1.6797029e+00   1.0708379e-02
   5.0000000e+02   1.6788258e+00   1.0300000e-02
   5.0100000e+02   1.6796527e+00   1.0300000e-02
   5.0200000e+02   1.6787756e+00   1.0300000e-02
   5.0300000e+02   1.6787000e+00   1.0300000e-02
   5.0400000e+02   1.6787000e+00   1.0300000e-02
   5.0500000e+02   1.6779986e+00   1.0300000e-02
   5.0600000e+02   1.6773000e+00   1.0300000e-02
   5.0700000e+02   1.6773000e+00   1.0300000e-02
   5.0800000e+02   1.6772257e+00   9.9211598e-03
   5.0900000e+02   1.6764002e+00   9.2555938e-03
   5.1000000e+02   1.6757000e+00   9.0100000e-03
   5.1100000e+02   1.6757000e+00   9.0100000e-03
   5.1200000e+02   1.6755275e+00   9.0100000e-03
   5.1300000e+02   1.6747020e+00   9.0100000e-03
   5.1400000e+02   1.6738904e+00   9.0100000e-03
   5.1500000e+02   1.6731166e+00   9.0100000e-03
   5.1600000e+02   1.6723255e+00   9.0100000e-03
   5.1700000e+02   1.6715000e+00   9.0100000e-03
   5.1800000e+02   1.6710000e+00   8.4510546e-03
   5.1900000e+02   1.6710000e+00   7.8009669e-03
   5.2000000e+02   1.6706273e+00   7.7500000e-03
   5.2100000e+02   1.6698018e+00   7.7500000e-03
   5.2200000e+02   1.6694000e+00   7.7500000e-03
   5.2300000e+02   1.6694000e+00   7.7500000e-03
   5.2400000e+02   1.6689586e+00   7.7500000e-03
   5.2500000e+02   1.6681846e+00   7.7500000e-03
   5.2600000e+02   1.6679000e+00   7.7500000e-03
   5.2700000e+02   1.6679000e+00   7.7500000e-03
   5.2800000e+02   1.6673309e+00   7.7500000e-03
   5.2900000e+02   1.6665054e+00   7.7500000e-03
   5.3000000e+02   1.6656411e+00   7.7500000e-03
   5.3100000e+02   1.6647640e+00   7.7500000e-03
   5.3200000e+02   1.6646000e+00   7.7500000e-03
   5.3300000e+02   1.6646000e+00   7.7500000e-03
   5.3400000e+02   1.6639715e+00   7.7500000e-03
   5.3500000e+02   1.6632492e+00   7.5054432e-03
   5.3600000e+02   1.6632000e+00   6.8605149e-03
   5.3700000e+02   1.6632000e+00   6.4977301e-03
   5.3800000e+02   1.6632000e+00   6.4925829e-03
   5.3900000e+02   1.6631618e+00   6.4900000e-03
   5.4000000e+02   1.6623363e+00   6.4900000e-03
   5.4100000e+02   1.6615108e+00   6.4900000e-03
   5.4200000e+02   1.6606852e+00   6.4900000e-03
   5.4300000e+02   1.6614635e+00   6.4900000e-03
   5.4400000e+02   1.6606380e+00   6.4900000e-03
   5.4500000e+02   1.6600000e+00   6.4900000e-03
   5.4600000e+02   1.6600000e+00   6.4900000e-03
   5.4700000e+02   1.6600000e+00   6.4900000e-03
   5.4800000e+02   1.6600000e+00   6.4900000e-03
   5.4900000e+02   1.6597357e+00   6.4900000e-03
   5.5000000e+02   1.6589618e+00   6.4900000e-03
   5.5100000e+02   1.6585000e+00   6.4900000e-03
   5.5200000e+02   1.6585000e+00   6.4900000e-03
   5.5300000e+02   1.6585000e+00   6.4900000e-03
   5.5400000e+02   1.6585000e+00   6.4900000e-03
   5.5500000e+02   1.6580726e+00   6.4900000e-03
   5.5600000e+02   1.6572471e+00   6.4900000e-03
   5.5700000e+02   1.6564216e+00   6.4900000e-03
   5.5800000e+02   1.6555962e+00   6.4900000e-03
   5.5900000e+02   1.6553000e+00   6.4900000e-03
   5.6000000e+02   1.6553000e+00   6.4900000e-03
   5.6100000e+02   1.6547595e+00   6.4900000e-03
   5.6200000e+02   1.6539856e+00   6.4900000e-03
   5.6300000e+02   1.6538000e+00   6.4900000e-03
   5.6400000e+02   1.6538000e+00   6.4900000e-03
   5.6500000e+02   1.6538000e+00   6.4900000e-03
   5.6600000e+02   1.6538000e+00   6.4884600e-03
   5.6700000e+02   1.6530780e+00   6.4833131e-03
   5.6800000e+02   1.6522525e+00   6.4800000e-03
   5.6900000e+02   1.6522000e+00   6.4800000e-03
   5.7000000e+02   1.6522000e+00   6.4800000e-03
   5.7100000e+02   1.6522000e+00   6.4800000e-03
   5.7200000e+02   1.6522000e+00   6.4800000e-03
   5.7300000e+02   1.6522000e+00   6.4800000e-03
   5.7400000e+02   1.6521053e+00   6.4800000e-03
   5.7500000e+02   1.6512282e+00   6.4800000e-03
   5.7600000e+02   1.6505000e+00   6.4800000e-03
   5.7700000e+02   1.6505000e+00   6.4800000e-03
   5.7800000e+02   1.6505000e+00   6.4800000e-03
   5.7900000e+02   1.6505000e+00   6.4800000e-03
   5.8000000e+02   1.6502947e+00   6.4800000e-03
   5.8100000e+02   1.6495724e+00   6.4800000e-03
   5.8200000e+02   1.6491000e+00   6.4800000e-03
   5.8300000e+02   1.6491000e+00   6.4800000e-03
   5.8400000e+02   1.6491000e+00   6.4800000e-03
   5.8500000e+02   1.6491000e+00   6.4800000e-03
   5.8600000e+02   1.6491000e+00   6.4800000e-03
   5.8700000e+02   1.6491000e+00   6.4800000e-03
   5.8800000e+02   1.6486727e+00   6.4800000e-03
   5.8900000e+02   1.6478471e+00   6.4800000e-03
   5.9000000e+02   1.6470217e+00   6.4800000e-03
   5.9100000e+02   1.6461962e+00   6.4800000e-03
   5.9200000e+02   1.6459000e+00   6.4800000e-03
   5.9300000e+02   1.6459000e+00   6.4800000e-03
   5.9400000e+02   1.6459000e+00   6.4800000e-03
   5.9500000e+02   1.6459000e+00   6.4791909e-03
   5.9600000e+02   1.6459000e+00   6.4740436e-03
   5.9700000e+02   1.6459000e+00   6.4700000e-03
   5.9800000e+02   1.6451871e+00   6.4700000e-03
   5.9900000e+02   1.6443101e+00   6.4700000e-03
   6.0000000e+02   1.6442000e+00   6.4700000e-03
   6.0100000e+02   1.6442000e+00   6.4700000e-03
   6.0200000e+02   1.6442000e+00   6.4700000e-03
   6.0300000e+02   1.6442000e+00   6.4700000e-03
   6.0400000e+02   1.6442000e+00   6.4700000e-03
   6.0500000e+02   1.6442000e+00   6.4700000e-03
   6.0600000e+02   1.6442000e+00   6.4700000e-03
   6.0700000e+02   1.6441252e+00   6.4700000e-03
   6.0800000e+02   1.6434030e+00   6.4700000e-03
   6.0900000e+02   1.6428000e+00   6.4700000e-03
   6.1000000e+02   1.6428000e+00   6.4700000e-03
   6.1100000e+02   1.6428000e+00   6.4700000e-03
   6.1200000e+02   1.6428000e+00   6.4700000e-03
   6.1300000e+02   1.6428000e+00   6.4700000e-03
   6.1400000e+02   1.6428000e+00   6.4700000e-03
   6.1500000e+02   1.6428000e+00   6.4700000e-03
   6.1600000e+02   1.6428000e+00   6.4700000e-03
   6.1700000e+02   1.6424747e+00   6.4700000e-03
   6.1800000e+02   1.6416493e+00   6.4700000e-03
   6.1900000e+02   1.6412000e+00   6.4700000e-03
   6.2000000e+02   1.6412000e+00   6.4700000e-03
   6.2100000e+02   1.6412000e+00   6.4700000e-03
   6.2200000e+02   1.6412000e+00   6.4700000e-03
   6.2300000e+02   1.6412000e+00   6.4700000e-03
   6.2400000e+02   1.6412000e+00   6.4699212e-03
   6.2500000e+02   1.6412000e+00   6.4647740e-03
   6.2600000e+02   1.6412000e+00   6.4600000e-03
   6.2700000e+02   1.6412000e+00   6.4600000e-03
   6.2800000e+02   1.6412000e+00   6.4600000e-03
   6.2900000e+02   1.6405877e+00   6.4600000e-03
   6.3000000e+02   1.6397622e+00   6.4600000e-03
   6.3100000e+02   1.6396000e+00   6.4600000e-03
   6.3200000e+02   1.6396000e+00   6.4600000e-03
   6.3300000e+02   1.6396000e+00   6.4600000e-03
   6.3400000e+02   1.6396000e+00   6.4600000e-03
   6.3500000e+02   1.6388896e+00   6.4600000e-03
   6.3600000e+02   1.6381157e+00   6.4600000e-03
   6.3700000e+02   1.6381000e+00   6.4600000e-03
   6.3800000e+02   1.6381000e+00   6.4600000e-03
   6.3900000e+02   1.6381000e+00   6.4600000e-03
   6.4000000e+02   1.6381000e+00   6.4600000e-03
   6.4100000e+02   1.6381000e+00   6.4600000e-03
   6.4200000e+02   1.6381000e+00   6.4600000e-03
   6.4300000e+02   1.6381000e+00   6.4600000e-03
   6.4400000e+02   1.6379170e+00   6.4600000e-03
   6.4500000e+02   1.6370400e+00   6.4600000e-03
   6.4600000e+02   1.6364000e+00   6.4600000e-03
   6.4700000e+02   1.6364000e+00   6.4600000e-03
   6.4800000e+02   1.6364000e+00   6.4600000e-03
   6.4900000e+02   1.6364000e+00   6.4600000e-03
   6.5000000e+02   1.6364000e+00   6.4600000e-03
   6.5100000e+02   1.6364000e+00   6.4600000e-03
   6.5200000e+02   1.6364000e+00   6.4600000e-03
   6.5300000e+02   1.6364000e+00   6.4600000e-03
   6.5400000e+02   1.6360137e+00   6.4555044e-03
   6.5500000e+02   1.6352398e+00   6.4503572e-03
   6.5600000e+02   1.6349000e+00   6.4500000e-03
   6.5700000e+02   1.6349000e+00   6.4500000e-03
   6.5800000e+02   1.6349000e+00   6.4500000e-03
   6.5900000e+02   1.6349000e+00   6.4500000e-03
   6.6000000e+02   1.6349000e+00   6.4500000e-03
   6.6100000e+02   1.6349000e+00   6.4500000e-03
   6.6200000e+02   1.6349000e+00   6.4500000e-03
   6.6300000e+02   1.6349000e+00   6.4500000e-03
   6.6400000e+02   1.6349000e+00   6.4500000e-03
   6.6500000e+02   1.6349000e+00   6.4500000e-03
   6.6600000e+02   1.6349000e+00   6.4500000e-03
   6.6700000e+02   1.6349000e+00   6.4500000e-03
   6.6800000e+02   1.6349000e+00   6.4500000e-03
   6.6900000e+02   1.6349000e+00   6.4500000e-03
   6.7000000e+02   1.6349000e+00   6.4500000e-03
   6.7100000e+02   1.6348856e+00   6.4500000e-03
   6.7200000e+02   1.6341117e+00   6.4500000e-03
   6.7300000e+02   1.6334000e+00   6.4500000e-03
   6.7400000e+02   1.6334000e+00   6.4500000e-03
   6.7500000e+02   1.6334000e+00   6.4500000e-03
   6.7600000e+02   1.6334000e+00   6.4500000e-03
   6.7700000e+02   1.6334000e+00   6.4500000e-03
   6.7800000e+02   1.6334000e+00   6.4500000e-03
   6.7900000e+02   1.6334000e+00   6.4500000e-03
   6.8000000e+02   1.6334000e+00   6.4500000e-03
   6.8100000e+02   1.6333841e+00   6.4465289e-03
   6.8200000e+02   1.6333326e+00   6.4413820e-03
   6.8300000e+02   1.6333000e+00   6.4400000e-03
   6.8400000e+02   1.6333000e+00   6.4400000e-03
   6.8500000e+02   1.6333000e+00   6.4400000e-03
   6.8600000e+02   1.6333000e+00   6.4400000e-03
   6.8700000e+02   1.6333000e+00   6.4400000e-03
   6.8800000e+02   1.6333000e+00   6.4400000e-03
   6.8900000e+02   1.6328836e+00   6.4400000e-03
   6.9000000e+02   1.6321097e+00   6.4400000e-03
   6.9100000e+02   1.6318000e+00   6.4400000e-03
   6.9200000e+02   1.6318000e+00   6.4400000e-03
   6.9300000e+02   1.6318000e+00   6.4400000e-03
   6.9400000e+02   1.6318000e+00   6.4880127e-03
   6.9500000e+02   1.6318000e+00   7.1298942e-03
   6.9600000e+02   1.6318000e+00   7.6900000e-03
   6.9700000e+02   1.6318000e+00   7.6900000e-03
   6.9800000e+02   1.6318000e+00   7.6900000e-03
   6.9900000e+02   1.6318000e+00   7.6900000e-03
   7.0000000e+02   1.6318000e+00   7.6900000e-03
   7.0100000e+02   1.6318000e+00   7.6900000e-03
   7.0200000e+02   1.6318000e+00   7.6900000e-03
   7.0300000e+02   1.6318000e+00   7.6900000e-03
   7.0400000e+02   1.6318000e+00   7.6900000e-03
   7.0500000e+02   1.6318000e+00   7.6900000e-03
   7.0600000e+02   1.6317497e+00   7.6900000e-03
   7.0700000e+02   1.6308726e+00   7.6900000e-03
   7.0800000e+02   1.6301000e+00   7.6900000e-03
   7.0900000e+02   1.6301000e+00   7.6900000e-03
   7.1000000e+02   1.6301000e+00   7.6900000e-03
   7.1100000e+02   1.6301000e+00   7.6900000e-03
   7.1200000e+02   1.6301000e+00   7.6900000e-03
   7.1300000e+02   1.6301000e+00   7.6900000e-03
   7.1400000e+02   1.6298749e+00   7.6900000e-03
   7.1500000e+02   1.6291010e+00   7.6900000e-03
   7.1600000e+02   1.6286000e+00   7.6900000e-03
   7.1700000e+02   1.6286000e+00   7.6900000e-03
   7.1800000e+02   1.6286000e+00   7.6900000e-03
   7.1900000e+02   1.6286000e+00   7.6900000e-03
   7.2000000e+02   1.6286000e+00   7.6858107e-03
   7.2100000e+02   1.6286000e+00   7.6806635e-03
   7.2200000e+02   1.6286000e+00   7.6800000e-03
   7.2300000e+02   1.6286000e+00   7.6800000e-03
   7.2400000e+02   1.6286000e+00   7.6800000e-03
   7.2500000e+02   1.6286000e+00   7.6800000e-03
   7.2600000e+02   1.6286000e+00   7.6800000e-03
   7.2700000e+02   1.6286000e+00   7.6800000e-03
   7.2800000e+02   1.6286000e+00   7.6800000e-03
   7.2900000e+02   1.6286000e+00   7.6800000e-03
   7.3000000e+02   1.6286000e+00   7.6800000e-03
   7.3100000e+02   1.6286000e+00   7.6800000e-03
   7.3200000e+02   1.6279729e+00   7.6800000e-03
   7.3300000e+02   1.6271991e+00   7.6800000e-03
   7.3400000e+02   1.6271000e+00   7.6800000e-03
   7.3500000e+02   1.6271000e+00   7.6800000e-03
   7.3600000e+02   1.6271000e+00   7.6800000e-03
   7.3700000e+02   1.6271000e+00   7.6800000e-03
   7.3800000e+02   1.6271000e+00   7.6800000e-03
   7.3900000e+02   1.6271000e+00   7.6800000e-03
   7.4000000e+02   1.6271000e+00   7.6800000e-03
   7.4100000e+02   1.6271000e+00   7.6800000e-03
   7.4200000e+02   1.6271000e+00   7.6800000e-03
   7.4300000e+02   1.6271000e+00   7.6800000e-03
   7.4400000e+02   1.6271000e+00   7.6800000e-03
   7.4500000e+02   1.6271000e+00   7.6800000e-03
   7.4600000e+02   1.6271000e+00   7.6800000e-03
   7.4700000e+02   1.6271000e+00   7.6768355e-03
   7.4800000e+02   1.6271000e+00   7.6716883e-03
   7.4900000e+02   1.6271000e+00   7.6700000e-03
   7.5000000e+02   1.6271000e+00   7.6700000e-03
   7.5100000e+02   1.6271000e+00   7.6700000e-03
   7.5200000e+02   1.6271000e+00   7.6700000e-03
   7.5300000e+02   1.6271000e+00   7.6700000e-03
   7.5400000e+02   1.6271000e+00   7.6700000e-03
   7.5500000e+02   1.6271000e+00   7.6700000e-03
   7.5600000e+02   1.6271000e+00   7.6700000e-03
   7.5700000e+02   1.6266390e+00   7.6700000e-03
   7.5800000e+02   1.6258134e+00   7.6700000e-03
   7.5900000e+02   1.6255000e+00   7.6700000e-03
   7.6000000e+02   1.6255000e+00   7.6700000e-03
   7.6100000e+02   1.6255000e+00   7.6700000e-03
   7.6200000e+02   1.6255000e+00   7.6700000e-03
   7.6300000e+02   1.6255000e+00   7.6700000e-03
   7.6400000e+02   1.6255000e+00   7.6700000e-03
   7.6500000e+02   1.6255000e+00   7.6700000e-03
   7.6600000e+02   1.6255000e+00   7.6700000e-03
   7.6700000e+02   1.6255000e+00   7.6700000e-03
   7.6800000e+02   1.6255000e+00   7.6700000e-03
   7.6900000e+02   1.6255000e+00   7.6700000e-03
   7.7000000e+02   1.6255000e+00   7.6700000e-03
   7.7100000e+02   1.6255000e+00   7.6700000e-03
   7.7200000e+02   1.6255000e+00   7.6700000e-03
   7.7300000e+02   1.6255000e+00   7.6700000e-03
   7.7400000e+02   1.6255000e+00   7.6700000e-03
   7.7500000e+02   1.6255000e+00   7.6700000e-03
   7.7600000e+02   1.6255000e+00   7.6675659e-03
   7.7700000e+02   1.6255000e+00   7.6624187e-03
   7.7800000e+02   1.6255000e+00   7.6600000e-03
   7.7900000e+02   1.6255000e+00   7.6600000e-03
   7.8000000e+02   1.6255000e+00   7.6600000e-03
   7.8100000e+02   1.6255000e+00   7.6600000e-03
   7.8200000e+02   1.6255000e+00   7.6600000e-03
   7.8300000e+02   1.6255000e+00   7.6600000e-03
   7.8400000e+02   1.6251995e+00   7.6600000e-03
   7.8500000e+02   1.6243741e+00   7.6600000e-03
   7.8600000e+02   1.6239000e+00   8.1471489e-03
   7.8700000e+02   1.6239000e+00   8.7890633e-03
   7.8800000e+02   1.6239000e+00   8.9100000e-03
   7.8900000e+02   1.6239000e+00   8.9100000e-03
   7.9000000e+02   1.6239000e+00   8.9100000e-03
   7.9100000e+02   1.6239000e+00   8.9100000e-03
   7.9200000e+02   1.6239000e+00   8.9100000e-03
   7.9300000e+02   1.6239000e+00   8.9100000e-03
   7.9400000e+02   1.6239000e+00   8.9100000e-03
   7.9500000e+02   1.6239000e+00   8.9100000e-03
   7.9600000e+02   1.6239000e+00   8.9100000e-03
   7.9700000e+02   1.6239000e+00   8.9100000e-03
   7.9800000e+02   1.6239000e+00   8.9100000e-03
   7.9900000e+02   1.6239000e+00   8.9100000e-03
   8.0000000e+02   1.6239000e+00   8.9100000e-03
   8.0100000e+02   1.6239000e+00   8.9100000e-03
   8.0200000e+02   1.6239000e+00   8.9100000e-03
   8.0300000e+02   1.6239000e+00   8.9100000e-03
   8.0400000e+02   1.6239000e+00   8.9100000e-03
   8.0500000e+02   1.6239000e+00   8.9100000e-03
   8.0600000e+02   1.6239000e+00   8.9100000e-03
   8.0700000e+02   1.6239000e+00   8.9100000e-03
   8.0800000e+02   1.6239000e+00   8.9100000e-03
   8.0900000e+02   1.6239000e+00   8.9100000e-03
   8.1000000e+02   1.6239000e+00   8.9100000e-03
   8.1100000e+02   1.6237602e+00   8.9100000e-03
   8.1200000e+02   1.6229347e+00   8.9100000e-03
   8.1300000e+02   1.6223000e+00   8.9071418e-03
   8.1400000e+02   1.6223000e+00   8.9019945e-03
   8.1500000e+02   1.6223000e+00   8.9000000e-03
   8.1600000e+02   1.6223000e+00   8.9000000e-03
   8.1700000e+02   1.6223000e+00   8.9000000e-03
   8.1800000e+02   1.6223000e+00   8.9000000e-03
   8.1900000e+02   1.6219883e+00   8.9000000e-03
   8.2000000e+02   1.6212144e+00   8.9000000e-03
   8.2100000e+02   1.6208000e+00   8.9000000e-03
   8.2200000e+02   1.6208000e+00   8.9000000e-03
   8.2300000e+02   1.6208000e+00   8.9000000e-03
   8.2400000e+02   1.6208000e+00   8.9000000e-03
   8.2500000e+02   1.6208000e+00   8.9000000e-03
   8.2600000e+02   1.6208000e+00   8.9000000e-03
   8.2700000e+02   1.6208000e+00   8.9000000e-03
   8.2800000e+02   1.6208000e+00   8.9000000e-03
   8.2900000e+02   1.6208000e+00   8.9000000e-03
   8.3000000e+02   1.6208000e+00   8.9000000e-03
   8.3100000e+02   1.6208000e+00   8.9000000e-03
   8.3200000e+02   1.6208000e+00   8.9000000e-03
   8.3300000e+02   1.6208000e+00   8.9000000e-03
   8.3400000e+02   1.6208000e+00   8.9000000e-03
   8.3500000e+02   1.6208000e+00   8.9000000e-03
   8.3600000e+02   1.6208000e+00   8.9000000e-03
   8.3700000e+02   1.6208000e+00   8.9000000e-03
   8.3800000e+02   1.6208000e+00   8.9000000e-03
   8.3900000e+02   1.6208000e+00   8.9000000e-03
   8.4000000e+02   1.6208000e+00   8.9000000e-03
   8.4100000e+02   1.6208000e+00   8.9000000e-03
   8.4200000e+02   1.6208000e+00   8.8978720e-03
   8.4300000e+02   1.6208000e+00   8.8927246e-03
   8.4400000e+02   1.6207922e+00   8.8900000e-03
   8.4500000e+02   1.6207408e+00   8.8900000e-03
   8.4600000e+02   1.6205388e+00   8.8900000e-03
   8.4700000e+02   1.6197649e+00   8.8900000e-03
   8.4800000e+02   1.6192000e+00   8.8900000e-03
   8.4900000e+02   1.6192000e+00   8.8900000e-03
   8.5000000e+02   1.6192000e+00   8.8900000e-03
   8.5100000e+02   1.6192000e+00   8.8900000e-03
   8.5200000e+02   1.6192000e+00   8.8900000e-03
   8.5300000e+02   1.6192000e+00   8.8900000e-03
   8.5400000e+02   1.6192000e+00   8.8900000e-03
   8.5500000e+02   1.6192000e+00   8.8900000e-03
   8.5600000e+02   1.6192000e+00   8.8900000e-03
   8.5700000e+02   1.6192000e+00   8.8900000e-03
   8.5800000e+02   1.6192000e+00   8.8900000e-03
   8.5900000e+02   1.6192000e+00   8.8900000e-03
   8.6000000e+02   1.6192000e+00   9.4667586e-03
   8.6100000e+02   1.6192000e+00   1.0088132e-02
   8.6200000e+02   1.6192000e+00   1.0100000e-02
   8.6300000e+02   1.6192000e+00   1.0100000e-02
   8.6400000e+02   1.6192000e+00   1.0100000e-02
   8.6500000e+02   1.6192000e+00   1.0100000e-02
   8.6600000e+02   1.6192000e+00   1.0100000e-02
   8.6700000e+02   1.6192000e+00   1.0100000e-02
   8.6800000e+02   1.6192000e+00   1.0100000e-02
   8.6900000e+02   1.6192000e+00   1.0100000e-02
   8.7000000e+02   1.6192000e+00   1.0100000e-02
   8.7100000e+02   1.6192000e+00   1.0100000e-02
   8.7200000e+02   1.6192000e+00   1.0100000e-02
   8.7300000e+02   1.6191887e+00   1.0100000e-02
   8.7400000e+02   1.6183632e+00   1.0100000e-02
   8.7500000e+02   1.6176000e+00   1.0100000e-02
   8.7600000e+02   1.6176000e+00   1.0100000e-02
   8.7700000e+02   1.6176000e+00   1.0100000e-02
   8.7800000e+02   1.6176000e+00   1.0100000e-02
   8.7900000e+02   1.6176000e+00   1.0100000e-02
   8.8000000e+02   1.6176000e+00   1.0100000e-02
   8.8100000e+02   1.6176000e+00   1.0100000e-02
   8.8200000e+02   1.6176000e+00   1.0100000e-02
   8.8300000e+02   1.6176000e+00   1.0100000e-02
   8.8400000e+02   1.6176000e+00   1.0100000e-02
   8.8500000e+02   1.6176000e+00   1.0545527e-02
   8.8600000e+02   1.6176000e+00   1.1213084e-02
   8.8700000e+02   1.6176000e+00   1.1400000e-02
   8.8800000e+02   1.6176000e+00   1.1400000e-02
   8.8900000e+02   1.6176000e+00   1.1400000e-02
   8.9000000e+02   1.6176000e+00   1.1400000e-02
   8.9100000e+02   1.6176000e+00   1.1400000e-02
   8.9200000e+02   1.6176000e+00   1.1400000e-02
   8.9300000e+02   1.6176000e+00   1.1400000e-02
   8.9400000e+02   1.6176000e+00   1.1400000e-02
   8.9500000e+02   1.6176000e+00   1.1400000e-02
   8.9600000e+02   1.6176000e+00   1.1400000e-02
   8.9700000e+02   1.6170182e+00   1.1400000e-02
   8.9800000e+02   1.6161927e+00   1.1400000e-02
   8.9900000e+02   1.6160000e+00   1.1400000e-02
   9.0000000e+02   1.6160000e+00   1.1400000e-02
   9.0100000e+02   1.6160000e+00   1.1400000e-02
   9.0200000e+02   1.6160000e+00   1.1400000e-02
   9.0300000e+02   1.6160000e+00   1.1400000e-02
   9.0400000e+02   1.6160000e+00   1.1400000e-02
   9.0500000e+02   1.6160000e+00   1.1400000e-02
   9.0600000e+02   1.6160000e+00   1.1400000e-02
   9.0700000e+02   1.6160000e+00   1.1400000e-02
   9.0800000e+02   1.6160000e+00   1.1400000e-02
   9.0900000e+02   1.6160000e+00   1.1400000e-02
   9.1000000e+02   1.6160000e+00   1.1400000e-02
   9.1100000e+02   1.6160000e+00   1.1400000e-02
   9.1200000e+02   1.6160000e+00   1.1400000e-02
   9.1300000e+02   1.6160000e+00   1.1400000e-02
   9.1400000e+02   1.6160000e+00   1.1400000e-02
   9.1500000e+02   1.6160000e+00   1.1400000e-02
   9.1600000e+02   1.6160000e+00   1.1400000e-02
   9.1700000e+02   1.6160000e+00   1.1400000e-02
   9.1800000e+02   1.6160000e+00   1.1400000e-02
   9.1900000e+02   1.6160000e+00   1.1400000e-02
   9.2000000e+02   1.6160000e+00   1.1826745e-02
   9.2100000e+02   1.6160000e+00   1.2442983e-02
   9.2200000e+02   1.6160000e+00   1.2600000e-02
   9.2300000e+02   1.6160000e+00   1.2600000e-02
   9.2400000e+02   1.6160000e+00   1.2600000e-02
   9.2500000e+02   1.6160000e+00   1.2600000e-02
   9.2600000e+02   1.6160000e+00   1.2600000e-02
   9.2700000e+02   1.6160000e+00   1.2600000e-02
   9.2800000e+02   1.6154521e+00   1.2600000e-02
   9.2900000e+02   1.6145750e+00   1.2600000e-02
   9.3000000e+02   1.6143000e+00   1.2600000e-02
   9.3100000e+02   1.6143000e+00   1.2600000e-02
   9.3200000e+02   1.6143000e+00   1.2600000e-02
   9.3300000e+02   1.6143000e+00   1.2600000e-02
   9.3400000e+02   1.6143000e+00   1.2600000e-02
   9.3500000e+02   1.6143000e+00   1.2600000e-02
   9.3600000e+02   1.6143000e+00   1.2600000e-02
   9.3700000e+02   1.6143000e+00   1.2600000e-02
   9.3800000e+02   1.6143000e+00   1.2600000e-02
   9.3900000e+02   1.6143000e+00   1.2600000e-02
   9.4000000e+02   1.6143000e+00   1.2600000e-02
   9.4100000e+02   1.6143000e+00   1.2600000e-02
   9.4200000e+02   1.6143000e+00   1.2600000e-02
   9.4300000e+02   1.6143000e+00   1.2600000e-02
   9.4400000e+02   1.6143000e+00   1.2600000e-02
   9.4500000e+02   1.6143000e+00   1.2600000e-02
   9.4600000e+02   1.6143000e+00   1.2600000e-02
   9.4700000e+02   1.6143000e+00   1.2600000e-02
   9.4800000e+02   1.6143000e+00   1.2600000e-02
   9.4900000e+02   1.6143000e+00   1.2600000e-02
   9.5000000e+02   1.6143000e+00   1.2600000e-02
   9.5100000e+02   1.6143000e+00   1.2600000e-02
   9.5200000e+02   1.6143000e+00   1.2600000e-02
   9.5300000e+02   1.6143000e+00   1.2600000e-02
   9.5400000e+02   1.6143000e+00   1.2600000e-02
   9.5500000e+02   1.6143000e+00   1.2600000e-02
   9.5600000e+02   1.6143000e+00   1.2600000e-02
   9.5700000e+02   1.6139480e+00   1.3117316e-02
   9.5800000e+02   1.6132257e+00   1.3784907e-02
   9.5900000e+02   1.6129000e+00   1.3900000e-02
   9.6000000e+02   1.6129000e+00   1.3900000e-02
   9.6100000e+02   1.6129000e+00   1.3900000e-02
   9.6200000e+02   1.6129000e+00   1.3900000e-02
   9.6300000e+02   1.6123523e+00   1.3900000e-02
   9.6400000e+02   1.6115268e+00   1.3900000e-02
   9.6500000e+02   1.6113000e+00   1.3900000e-02
   9.6600000e+02   1.6113000e+00   1.3900000e-02
   9.6700000e+02   1.6113000e+00   1.3900000e-02
   9.6800000e+02   1.6113000e+00   1.3900000e-02
   9.6900000e+02   1.6113000e+00   1.3900000e-02
   9.7000000e+02   1.6113000e+00   1.3900000e-02
   9.7100000e+02   1.6113000e+00   1.3900000e-02
   9.7200000e+02   1.6113000e+00   1.3900000e-02
   9.7300000e+02   1.6113000e+00   1.3900000e-02
   9.7400000e+02   1.6113000e+00   1.3900000e-02
   9.7500000e+02   1.6113000e+00   1.3900000e-02
   9.7600000e+02   1.6113000e+00   1.3900000e-02
   9.7700000e+02   1.6113000e+00   1.3900000e-02
   9.7800000e+02   1.6113000e+00   1.3900000e-02
   9.7900000e+02   1.6113000e+00   1.3900000e-02
   9.8000000e+02   1.6113000e+00   1.3900000e-02
   9.8100000e+02   1.6113000e+00   1.3900000e-02
   9.8200000e+02   1.6113000e+00   1.3900000e-02
   9.8300000e+02   1.6113000e+00   1.3900000e-02
   9.8400000e+02   1.6113000e+00   1.3900000e-02
   9.8500000e+02   1.6113000e+00   1.3900000e-02
   9.8600000e+02   1.6110073e+00   1.3900000e-02
   9.8700000e+02   1.6101818e+00   1.3900000e-02
   9.8800000e+02   1.6097000e+00   1.3900000e-02
   9.8900000e+02   1.6097000e+00   1.3900000e-02
   9.9000000e+02   1.6097000e+00   1.3900000e-02
   9.9100000e+02   1.6097000e+00   1.3900000e-02
   9.9200000e+02   1.6097000e+00   1.3900000e-02
   9.9300000e+02   1.6097000e+00   1.3900000e-02
   9.9400000e+02   1.6097000e+00   1.3900000e-02
   9.9500000e+02   1.6097000e+00   1.3900000e-02
   9.9600000e+02   1.6097000e+00   1.4463521e-02
   9.9700000e+02   1.6097000e+00   1.5079727e-02
   9.9800000e+02   1.6097000e+00   1.5100000e-02
   9.9900000e+02   1.6097000e+00   1.5100000e-02
   1.0000000e+03   1.6097000e+00   1.5100000e-02
   1.0010000e+03   1.6097000e+00   1.5100000e-02
   1.0020000e+03   1.6097000e+00   1.5100000e-02
   1.0030000e+03   1.6097000e+00   1.5100000e-02
   1.0040000e+03   1.6097000e+00   1.5100000e-02
   1.0050000e+03   1.6097000e+00   1.5100000e-02
   1.0060000e+03   1.6097000e+00   1.5100000e-02
   1.0070000e+03   1.6097000e+00   1.5100000e-02
   1.0080000e+03   1.6097000e+00   1.5100000e-02
   1.0090000e+03   1.6097000e+00   1.5100000e-02
   1.0100000e+03   1.6097000e+00   1.5100000e-02
   1.0110000e+03   1.6097000e+00   1.5100000e-02
   1.0120000e+03   1.6097000e+00   1.5100000e-02
   1.0130000e+03   1.6095596e+00   1.5100000e-02
   1.0140000e+03   1.6086825e+00   1.5100000e-02
   1.0150000e+03   1.6080000e+00   1.5100000e-02
   1.0160000e+03   1.6080000e+00   1.5100000e-02
   1.0170000e+03   1.6080000e+00   1.5100000e-02
   1.0180000e+03   1.6080000e+00   1.5100000e-02
   1.0190000e+03   1.6080000e+00   1.5100000e-02
   1.0200000e+03   1.6080000e+00   1.5100000e-02
   1.0210000e+03   1.6080000e+00   1.5100000e-02
   1.0220000e+03   1.6080000e+00   1.5100000e-02
   1.0230000e+03   1.6080000e+00   1.5100000e-02
   1.0240000e+03   1.6080000e+00   1.5100000e-02
   1.0250000e+03   1.6080000e+00   1.5100000e-02
   1.0260000e+03   1.6080000e+00   1.5100000e-02
   1.0270000e+03   1.6080000e+00   1.5100000e-02
   1.0280000e+03   1.6080000e+00   1.5100000e-02
   1.0290000e+03   1.6080000e+00   1.5643768e-02
   1.0300000e+03   1.6080000e+00   1.6260006e-02
   1.0310000e+03   1.6080000e+00   1.6300000e-02
   1.0320000e+03   1.6080000e+00   1.6300000e-02
   1.0330000e+03   1.6080000e+00   1.6300000e-02
   1.0340000e+03   1.6080000e+00   1.6300000e-02
   1.0350000e+03   1.6080000e+00   1.6300000e-02
   1.0360000e+03   1.6080000e+00   1.6300000e-02
   1.0370000e+03   1.6073852e+00   1.6300000e-02
   1.0380000e+03   1.6066629e+00   1.6300000e-02
   1.0390000e+03   1.6066000e+00   1.6300000e-02
   1.0400000e+03   1.6066000e+00   1.6300000e-02
   1.0410000e+03   1.6066000e+00   1.6300000e-02
   1.0420000e+03   1.6066000e+00   1.6300000e-02
   1.0430000e+03   1.6066000e+00   1.6300000e-02
   1.0440000e+03   1.6066000e+00   1.6300000e-02
   1.0450000e+03   1.6066000e+00   1.6300000e-02
   1.0460000e+03   1.6066000e+00   1.6300000e-02
   1.0470000e+03   1.6066000e+00   1.6300000e-02
   1.0480000e+03   1.6066000e+00   1.6300000e-02
   1.0490000e+03   1.6066000e+00   1.6300000e-02
   1.0500000e+03   1.6066000e+00   1.6638535e-02
   1.0510000e+03   1.6066000e+00   1.7306126e-02
   1.0520000e+03   1.6066000e+00   1.7600000e-02
   1.0530000e+03   1.6066000e+00   1.7600000e-02
   1.0540000e+03   1.6066000e+00   1.7600000e-02
   1.0550000e+03   1.6066000e+00   1.7600000e-02
   1.0560000e+03   1.6066000e+00   1.7600000e-02
   1.0570000e+03   1.6066000e+00   1.7600000e-02
   1.0580000e+03   1.6066000e+00   1.7600000e-02
   1.0590000e+03   1.6066000e+00   1.7600000e-02
   1.0600000e+03   1.6066000e+00   1.7600000e-02
   1.0610000e+03   1.6066000e+00   1.7600000e-02
   1.0620000e+03   1.6061053e+00   1.8800000e-02
   1.0630000e+03   1.6052798e+00   1.8800000e-02
   1.0640000e+03   1.6050000e+00   1.8800000e-02
   1.0650000e+03   1.6050000e+00   1.8800000e-02
   1.0660000e+03   1.6050000e+00   1.8800000e-02
   1.0670000e+03   1.6050000e+00   1.8800000e-02
   1.0680000e+03   1.6050000e+00   1.8800000e-02
   1.0690000e+03   1.6050000e+00   1.8800000e-02
   1.0700000e+03   1.6050000e+00   1.8800000e-02
   1.0710000e+03   1.6050000e+00   1.8800000e-02
   1.0720000e+03   1.6050000e+00   1.8800000e-02
   1.0730000e+03   1.6050000e+00   1.8800000e-02
   1.0740000e+03   1.6050000e+00   1.8800000e-02
   1.0750000e+03   1.6050000e+00   1.8961348e-02
   1.0760000e+03   1.6050000e+00   1.9628905e-02
   1.0770000e+03   1.6050000e+00   2.0100000e-02
   1.0780000e+03   1.6050000e+00   2.0100000e-02
   1.0790000e+03   1.6049019e+00   2.0100000e-02
   1.0800000e+03   1.6040765e+00   2.0100000e-02
   1.0810000e+03   1.6034000e+00   2.0100000e-02
   1.0820000e+03   1.6034000e+00   2.0100000e-02
   1.0830000e+03   1.6034000e+00   2.0100000e-02
   1.0840000e+03   1.6034000e+00   2.0100000e-02
   1.0850000e+03   1.6034000e+00   2.0100000e-02
   1.0860000e+03   1.6034000e+00   2.0100000e-02
   1.0870000e+03   1.6031093e+00   2.0100000e-02
   1.0880000e+03   1.6022838e+00   2.0100000e-02
   1.0890000e+03   1.6018000e+00   2.0100000e-02
   1.0900000e+03   1.6018000e+00   2.0100000e-02
   1.0910000e+03   1.6018000e+00   2.0100000e-02
   1.0920000e+03   1.6018000e+00   2.0100000e-02
   1.0930000e+03   1.6018000e+00   2.0100000e-02
   1.0940000e+03   1.6018000e+00   2.0100000e-02
   1.0950000e+03   1.6018000e+00   2.0100000e-02
   1.0960000e+03   1.6018000e+00   2.0100000e-02
   1.0970000e+03   1.6018000e+00   2.0633881e-02
   1.0980000e+03   1.6018000e+00   2.1250087e-02
   1.0990000e+03   1.6018000e+00   2.1300000e-02
   1.1000000e+03   1.6018000e+00   2.1300000e-02
   1.1010000e+03   1.6018000e+00   2.1300000e-02
   1.1020000e+03   1.6018000e+00   2.1300000e-02
   1.1030000e+03   1.6018000e+00   2.1300000e-02
   1.1040000e+03   1.6018000e+00   2.1300000e-02
   1.1050000e+03   1.6018000e+00   2.1300000e-02
   1.1060000e+03   1.6018000e+00   2.1300000e-02
   1.1070000e+03   1.6018000e+00   2.1300000e-02
   1.1080000e+03   1.6018000e+00   2.1300000e-02
   1.1090000e+03   1.6009860e+00   2.1300000e-02
   1.1100000e+03   1.6002000e+00   2.1300000e-02
   1.1110000e+03   1.6002000e+00   2.1300000e-02
   1.1120000e+03   1.6002000e+00   2.1300000e-02
   1.1130000e+03   1.6002000e+00   2.1300000e-02
   1.1140000e+03   1.6002000e+00   2.1300000e-02
   1.1150000e+03   1.6002000e+00   2.1300000e-02
   1.1160000e+03   1.6002000e+00   2.1589653e-02
   1.1170000e+03   1.6002000e+00   2.2257210e-02
   1.1180000e+03   1.6002000e+00   2.2600000e-02
   1.1190000e+03   1.6002000e+00   2.2600000e-02
   1.1200000e+03   1.6002000e+00   2.2600000e-02
   1.1210000e+03   1.6002000e+00   2.2600000e-02
   1.1220000e+03   1.6002000e+00   2.2600000e-02
   1.1230000e+03   1.6002000e+00   2.2600000e-02
   1.1240000e+03   1.6002000e+00   2.2600000e-02
   1.1250000e+03   1.6002000e+00   2.2600000e-02
   1.1260000e+03   1.6002000e+00   2.2600000e-02
   1.1270000e+03   1.6002000e+00   2.2600000e-02
   1.1280000e+03   1.5997646e+00   2.2600000e-02
   1.1290000e+03   1.5989907e+00   2.2600000e-02
   1.1300000e+03   1.5987000e+00   2.3111328e-02
   1.1310000e+03   1.5987000e+00   2.3727534e-02
   1.1320000e+03   1.5987000e+00   2.3800000e-02
   1.1330000e+03   1.5987000e+00   2.3800000e-02
   1.1340000e+03   1.5987000e+00   2.3800000e-02
   1.1350000e+03   1.5987000e+00   2.3800000e-02
   1.1360000e+03   1.5987000e+00   2.3800000e-02
   1.1370000e+03   1.5987000e+00   2.3800000e-02
   1.1380000e+03   1.5987000e+00   2.3800000e-02
   1.1390000e+03   1.5987000e+00   2.3874299e-02
   1.1400000e+03   1.5987000e+00   2.4541856e-02
   1.1410000e+03   1.5987000e+00   2.5100000e-02
   1.1420000e+03   1.5987000e+00   2.5100000e-02
   1.1430000e+03   1.5987000e+00   2.5100000e-02
   1.1440000e+03   1.5987000e+00   2.5100000e-02
   1.1450000e+03   1.5987000e+00   2.5100000e-02
   1.1460000e+03   1.5987000e+00   2.5100000e-02
   1.1470000e+03   1.5985850e+00   2.5306799e-02
   1.1480000e+03   1.5977595e+00   2.5923005e-02
   1.1490000e+03   1.5971000e+00   2.6300000e-02
   1.1500000e+03   1.5971000e+00   2.6300000e-02
   1.1510000e+03   1.5971000e+00   2.6300000e-02
   1.1520000e+03   1.5971000e+00   2.6300000e-02
   1.1530000e+03   1.5971000e+00   2.6300000e-02
   1.1540000e+03   1.5971000e+00   2.6300000e-02
   1.1550000e+03   1.5971000e+00   2.6300000e-02
   1.1560000e+03   1.5971000e+00   2.6300000e-02
   1.1570000e+03   1.5971000e+00   2.6300000e-02
   1.1580000e+03   1.5971000e+00   2.6300000e-02
   1.1590000e+03   1.5971000e+00   2.6300000e-02
   1.1600000e+03   1.5971000e+00   2.6300000e-02
   1.1610000e+03   1.5971000e+00   2.6788276e-02
   1.1620000e+03   1.5971000e+00   2.7455867e-02
   1.1630000e+03   1.5971000e+00   2.7600000e-02
   1.1640000e+03   1.5971000e+00   2.7600000e-02
   1.1650000e+03   1.5971000e+00   2.7600000e-02
   1.1660000e+03   1.5971000e+00   2.7600000e-02
   1.1670000e+03   1.5971000e+00   2.7600000e-02
   1.1680000e+03   1.5971000e+00   2.7600000e-02
   1.1690000e+03   1.5964618e+00   2.7600000e-02
   1.1700000e+03   1.5956363e+00   2.7600000e-02
   1.1710000e+03   1.5955000e+00   2.7600000e-02
   1.1720000e+03   1.5955000e+00   2.7600000e-02
   1.1730000e+03   1.5955000e+00   2.7600000e-02
   1.1740000e+03   1.5955000e+00   2.7600000e-02
   1.1750000e+03   1.5947163e+00   2.7600000e-02
   1.1760000e+03   1.5939000e+00   2.7713690e-02
   1.1770000e+03   1.5939000e+00   2.8329896e-02
   1.1780000e+03   1.5939000e+00   2.8800000e-02
   1.1790000e+03   1.5939000e+00   2.8800000e-02
   1.1800000e+03   1.5939000e+00   2.8800000e-02
   1.1810000e+03   1.5939000e+00   2.8800000e-02
   1.1820000e+03   1.5939000e+00   2.8800000e-02
   1.1830000e+03   1.5939000e+00   2.8800000e-02
   1.1840000e+03   1.5939000e+00   2.8800000e-02
   1.1850000e+03   1.5939000e+00   2.8800000e-02
   1.1860000e+03   1.5939000e+00   2.8800000e-02
   1.1870000e+03   1.5939000e+00   2.8800000e-02
   1.1880000e+03   1.5939000e+00   2.9149266e-02
   1.1890000e+03   1.5939000e+00   2.9816822e-02
   1.1900000e+03   1.5935815e+00   3.0100000e-02
   1.1910000e+03   1.5928076e+00   3.0100000e-02
   1.1920000e+03   1.5924000e+00   3.0100000e-02
   1.1930000e+03   1.5924000e+00   3.0100000e-02
   1.1940000e+03   1.5924000e+00   3.0100000e-02
   1.1950000e+03   1.5924000e+00   3.0100000e-02
   1.1960000e+03   1.5924000e+00   3.0100000e-02
   1.1970000e+03   1.5924000e+00   3.0100000e-02
   1.1980000e+03   1.5918676e+00   3.0100000e-02
   1.1990000e+03   1.5910421e+00   3.0100000e-02
   1.2000000e+03   1.5908000e+00   3.0100000e-02
