  3.0000000000000000e+002  1.6501242284787420e+000  2.5018931572629055e-001 
  3.0100000000000000e+002  1.6551242284787420e+000  2.5118931572629055e-001
  3.0200000000000000e+002  1.6600967877438908e+000  2.5238979591836735e-001
  3.0300000000000000e+002  1.6615700000000000e+000  2.5359027611044421e-001
  3.0400000000000000e+002  1.6658408637999622e+000  2.5479075630252102e-001
  3.0500000000000000e+002  1.6708134063436060e+000  2.5599123649459782e-001
  3.0600000000000000e+002  1.6741800000000000e+000  2.5719171668667468e-001
  3.0700000000000000e+002  1.6765530876241668e+000  2.5839219687875148e-001
  3.0800000000000000e+002  1.6783900000000000e+000  2.5959267707082834e-001
  3.0900000000000000e+002  1.6822914988634212e+000  2.6079315726290514e-001
  3.1000000000000000e+002  1.6867900000000000e+000  2.6199363745498194e-001
  3.1100000000000000e+002  1.6880255749194923e+000  2.6319411764705880e-001
  3.1200000000000000e+002  1.6909900000000000e+000  2.6320992638381568e-001
  3.1300000000000000e+002  1.6937596340409411e+000  2.6201858050014049e-001
  3.1400000000000000e+002  1.6951900000000000e+000  2.6082723461646529e-001
  3.1500000000000000e+002  1.6993997537963772e+000  2.5963588873279009e-001
  3.1600000000000000e+002  1.6993900000000000e+000  2.5844454284911489e-001
  3.1700000000000000e+002  1.7010205569302534e+000  2.5725319696543969e-001
  3.1800000000000000e+002  1.7035943024821103e+000  2.5606185108176455e-001
  3.1900000000000000e+002  1.7035899999999999e+000  2.5487050519808935e-001
  3.2000000000000000e+002  1.7035899999999999e+000  2.5367915931441415e-001
  3.2100000000000000e+002  1.7031187128421348e+000  2.5201534396527314e-001
  3.2200000000000000e+002  1.6993799999999999e+000  2.5003365103331127e-001
  3.2300000000000000e+002  1.6993799999999999e+000  2.4805195810134942e-001
  3.2400000000000000e+002  1.6993799999999999e+000  2.4607026516938754e-001
  3.2500000000000000e+002  1.6958825004416493e+000  2.4408857223742567e-001
  3.2600000000000000e+002  1.6951232558386036e+000  2.4210687930546379e-001
  3.2700000000000000e+002  1.6901748951230140e+000  2.4012518637350191e-001
  3.2800000000000000e+002  1.6852202934941349e+000  2.3814349344154004e-001
  3.2900000000000000e+002  1.6825545423092365e+000  2.3643726416487054e-001
  3.3000000000000000e+002  1.6795062873193656e+000  2.3674728217544067e-001
  3.3100000000000000e+002  1.6745507909644444e+000  2.3705730018601082e-001
  3.3200000000000000e+002  1.6737923042858656e+000  2.3736731819658094e-001
  3.3300000000000000e+002  1.6688431489812743e+000  2.3767733620715109e-001
  3.3400000000000000e+002  1.6638892971215904e+000  2.3798735421772121e-001
  3.3500000000000000e+002  1.6589366372233803e+000  2.3829737222829137e-001
  3.3600000000000000e+002  1.6539862858623451e+000  2.3961859571095684e-001
  3.3700000000000000e+002  1.6490203740475098e+000  2.4284779810979290e-001
  3.3800000000000000e+002  1.6440802901964477e+000  2.4607700050862896e-001
  3.3900000000000000e+002  1.6391167604140904e+000  2.4930620290746500e-001
  3.4000000000000000e+002  1.6362900000000000e+000  2.5253540530630103e-001
  3.4100000000000000e+002  1.6334127855704343e+000  2.5576460770513709e-001
  3.4200000000000000e+002  1.6284576856399204e+000  2.5899381010397315e-001
  3.4300000000000000e+002  1.6276987612620570e+000  2.6222301250280922e-001
  3.4400000000000000e+002  1.6236777853482276e+000  2.6545221490164528e-001
  3.4500000000000000e+002  1.6219847864184009e+000  2.7097877842703716e-001
  3.4600000000000000e+002  1.6194700000000000e+000  2.7678263186986723e-001
  3.4700000000000000e+002  1.6194700000000000e+000  2.8258648531269737e-001
  3.4800000000000000e+002  1.6194605783718679e+000  2.8839033875552744e-001
  3.4900000000000000e+002  1.6199779451357397e+000  2.9419419219835752e-001
  3.5000000000000000e+002  1.6236600000000001e+000  2.9999804564118765e-001
  3.5100000000000000e+002  1.6236600000000001e+000  3.0580189908401773e-001
  3.5200000000000000e+002  1.6264735087137716e+000  3.1178371925073350e-001
  3.5300000000000000e+002  1.6314545795842015e+000  3.1819310765064324e-001
  3.5400000000000000e+002  1.6322175367912577e+000  3.2460249605055297e-001
  3.5500000000000000e+002  1.6371901174464860e+000  3.3101188445046265e-001
  3.5600000000000000e+002  1.6421626701632668e+000  3.3742127285037238e-001
  3.5700000000000000e+002  1.6471352325250996e+000  3.4383066125028205e-001
  3.5800000000000000e+002  1.6521155125913125e+000  3.5024004965019179e-001
  3.5900000000000000e+002  1.6611220227920227e+000  3.5664943805010152e-001
  3.6000000000000000e+002  1.6662839760605233e+000  3.6305882645001120e-001
  3.6100000000000000e+002  1.6712565514301951e+000  3.6823290630070304e-001
  3.6200000000000000e+002  1.6805464376681187e+000  3.7178212209302325e-001
  3.6300000000000000e+002  1.6900434858465798e+000  3.7533133788534345e-001
  3.6400000000000000e+002  1.7016078516874309e+000  3.7888055367766360e-001
  3.6500000000000000e+002  1.7077192851238692e+000  3.8242976946998380e-001
  3.6600000000000000e+002  1.7098432234897498e+000  3.8597898526230401e-001
  3.6700000000000000e+002  1.7193233730727007e+000  3.8872292263610320e-001
  3.6800000000000000e+002  1.7282240816958068e+000  3.9070879457573265e-001
  3.6900000000000000e+002  1.7363515626960917e+000  3.9269466651536217e-001
  3.7000000000000000e+002  1.7466727354260481e+000  3.9468053845499168e-001
  3.7100000000000000e+002  1.7547306471472717e+000  3.9666641039462114e-001
  3.7200000000000000e+002  1.7612683718141997e+000  3.9865228233425065e-001
  3.7300000000000000e+002  1.7670193714462079e+000  4.0063815427388016e-001
  3.7400000000000000e+002  1.7738694112214817e+000  4.0262402621350962e-001
  3.7500000000000000e+002  1.7827537332177916e+000  4.0460989815313914e-001
  3.7600000000000000e+002  1.7885047328498003e+000  4.0659577009276859e-001
  3.7700000000000000e+002  1.7984850129984211e+000  4.0858164203239811e-001
  3.7800000000000000e+002  1.8042390946213838e+000  4.0893322586359609e-001
  3.7900000000000000e+002  1.8142156597143910e+000  4.0918123294951286e-001
  3.8000000000000000e+002  1.8272244209747479e+000  4.0942924003542958e-001
  3.8100000000000000e+002  1.8343545644437567e+000  4.0967724712134634e-001
  3.8200000000000000e+002  1.8451297902830346e+000  4.0992525420726306e-001
  3.8300000000000000e+002  1.8541312261250460e+000  4.1017326129317982e-001
  3.8400000000000000e+002  1.8641086684630999e+000  4.1042126837909654e-001
  3.8500000000000000e+002  1.8765719608100526e+000  4.1066927546501331e-001
  3.8600000000000000e+002  1.8881430906009835e+000  4.0992136663914125e-001
  3.8700000000000000e+002  1.8947523920779825e+000  4.0806339801816682e-001
  3.8800000000000000e+002  1.9097609020578679e+000  4.0620542939719240e-001
  3.8900000000000000e+002  1.9209102949517189e+000  4.0434746077621803e-001
  3.9000000000000000e+002  1.9375398487567908e+000  4.0248949215524360e-001
  3.9100000000000000e+002  1.9541695212568648e+000  4.0063152353426917e-001
  3.9200000000000000e+002  1.9613184711609419e+000  3.9877355491329480e-001
  3.9300000000000000e+002  1.9733672831638738e+000  3.9278048331144771e-001
  3.9400000000000000e+002  1.9891111453971762e+000  3.8494088156321654e-001
  3.9500000000000000e+002  2.0007515220296912e+000  3.7710127981498537e-001
  3.9600000000000000e+002  2.0208153490620080e+000  3.6926167806675420e-001
  3.9700000000000000e+002  2.0283905882282554e+000  3.6142207631852302e-001
  3.9800000000000000e+002  2.0397058354317084e+000  3.5094481625949497e-001
  3.9900000000000000e+002  2.0542128475190320e+000  3.3862701703962217e-001
  4.0000000000000000e+002  2.0644437652939773e+000  3.2630921781974942e-001
  4.0100000000000000e+002  2.0709755522626105e+000  3.1319914561925027e-001
  4.0200000000000000e+002  2.0733899999999998e+000  2.9646264600547728e-001
  4.0300000000000000e+002  2.0775899999999998e+000  2.7972614639170429e-001
  4.0400000000000000e+002  2.0775899999999998e+000  2.6298964677793130e-001
  4.0500000000000000e+002  2.0798471090299895e+000  2.4625314716415830e-001
  4.0600000000000000e+002  2.0817899999999998e+000  2.3172967233863040e-001
  4.0700000000000000e+002  2.0817899999999998e+000  2.1743257394646798e-001
  4.0800000000000000e+002  2.0817899999999998e+000  2.0313547555430553e-001
  4.0900000000000000e+002  2.0806900985772834e+000  1.8883837716214308e-001
  4.1000000000000000e+002  2.0775800000000002e+000  1.7224271192207893e-001
  4.1100000000000000e+002  2.0775800000000002e+000  1.5435746671770653e-001
  4.1200000000000000e+002  2.0775800000000002e+000  1.3647222151333413e-001
  4.1300000000000000e+002  2.0734538935801861e+000  1.1858697630896171e-001
  4.1400000000000000e+002  2.0643081956941631e+000  1.0070173110458931e-001
  4.1500000000000000e+002  2.0593583524714694e+000  9.0340660373328802e-002
  4.1600000000000000e+002  2.0565500000000001e+000  8.0473503908419203e-002
  4.1700000000000000e+002  2.0452596848353513e+000  7.0606347443509590e-002
  4.1800000000000000e+002  2.0397300000000000e+000  6.0739190978599977e-002
  4.1900000000000000e+002  2.0185804394167803e+000  5.1906215549954421e-002
  4.2000000000000000e+002  2.0010472200826768e+000  4.6075675151649564e-002
  4.2100000000000000e+002  1.9960969640438588e+000  4.0245134753344708e-002
  4.2200000000000000e+002  1.9869497219376038e+000  3.4414594355039851e-002
  4.2300000000000000e+002  1.9777951935601643e+000  2.8584053956734988e-002
  4.2400000000000000e+002  1.9686542751651768e+000  2.2753513558430132e-002
  4.2500000000000000e+002  1.9595087803269422e+000  1.6922973160125268e-002
  4.2600000000000000e+002  1.9503632563891178e+000  1.1264779822967082e-002
  4.2700000000000000e+002  1.9454124826871437e+000  1.0275449007435395e-002
  4.2800000000000000e+002  1.9362652318980542e+000  9.2861181919037077e-003
  4.2900000000000000e+002  1.9271258006312715e+000  8.2967873763720220e-003
  4.3000000000000000e+002  1.9221697208776454e+000  7.3074565608403337e-003
  4.3100000000000000e+002  1.9172127961700174e+000  6.3181257453086464e-003
  4.3200000000000000e+002  1.9122631568285673e+000  5.3287949297769598e-003
  4.3300000000000000e+002  1.9031159060394782e+000  4.3394641142452724e-003
  4.3400000000000000e+002  1.8981643115570788e+000  3.3501332987135850e-003
  4.3500000000000000e+002  1.8967700000000001e+000  3.3694328959215153e-003
  4.3600000000000000e+002  1.8925600000000000e+000  4.1729040937912906e-003
  4.3700000000000000e+002  1.8875017766078979e+000  4.9763752916610659e-003
  4.3800000000000000e+002  1.8825473241626229e+000  5.7798464895308412e-003
  4.3900000000000000e+002  1.8775952281854691e+000  6.5833176874006156e-003
  4.4000000000000000e+002  1.8757400000000000e+000  7.3867888852703917e-003
  4.4100000000000000e+002  1.8715308278818221e+000  8.1902600831401662e-003
  4.4200000000000000e+002  1.8711192944210859e+000  8.9937312810099423e-003
  4.4300000000000000e+002  1.8673299999999999e+000  9.7972024788797168e-003
  4.4400000000000000e+002  1.8654061793941676e+000  1.0600673676749491e-002
  4.4500000000000000e+002  1.8604551342024991e+000  1.1404144874619267e-002
  4.4600000000000000e+002  1.8589037302505727e+000  1.2207616072489044e-002
  4.4700000000000000e+002  1.8547348231636223e+000  1.3011087270358818e-002
  4.4800000000000000e+002  1.8539772709606754e+000  1.3814558468228592e-002
  4.4900000000000000e+002  1.8490307988552452e+000  1.4618029666098369e-002
  4.5000000000000000e+002  1.8462947106959828e+000  1.5421500863968143e-002
  4.5100000000000000e+002  1.8433167889951478e+000  1.5906912768973082e-002
  4.5200000000000000e+002  1.8420900000000000e+000  1.6357885581754938e-002
  4.5300000000000000e+002  1.8378800000000000e+000  1.6808858394536795e-002
  4.5400000000000000e+002  1.8368452847788195e+000  1.7259831207318652e-002
  4.5500000000000000e+002  1.8336757478213637e+000  1.7710804020100508e-002
  4.5600000000000000e+002  1.8311312726566087e+000  1.8161776832882365e-002
  4.5700000000000000e+002  1.8294699999999999e+000  1.8612749645664221e-002
  4.5800000000000000e+002  1.8254176723315549e+000  1.9063722458446078e-002
  4.5900000000000000e+002  1.8246583589296652e+000  1.9514695271227935e-002
  4.6000000000000000e+002  1.8210500000000001e+000  1.9965668084009791e-002
  4.6100000000000000e+002  1.8210500000000001e+000  2.0416640896791651e-002
  4.6200000000000000e+002  1.8181882680281243e+000  2.0867613709573508e-002
  4.6300000000000000e+002  1.8168500000000001e+000  2.1318586522355364e-002
  4.6400000000000000e+002  1.8126400000000000e+000  2.1769559335137221e-002
  4.6500000000000000e+002  1.8126400000000000e+000  2.2220532147919077e-002
  4.6600000000000000e+002  1.8126400000000000e+000  2.2671504960700934e-002
  4.6700000000000000e+002  1.8101959301134154e+000  2.3122477773482791e-002
  4.6800000000000000e+002  1.8084300000000000e+000  2.3573450586264651e-002
  4.6900000000000000e+002  1.8084300000000000e+000  2.3870137460764156e-002
  4.7000000000000000e+002  1.8042199999999999e+000  2.3761900638597254e-002
  4.7100000000000000e+002  1.8042199999999999e+000  2.3653663816430352e-002
  4.7200000000000000e+002  1.8042199999999999e+000  2.3545426994263451e-002
  4.7300000000000000e+002  1.8014345157111227e+000  2.3437190172096549e-002
  4.7400000000000000e+002  1.8000000000000000e+000  2.3328953349929647e-002
  4.7500000000000000e+002  1.8000000000000000e+000  2.3220716527762746e-002
  4.7600000000000000e+002  1.7991531805815637e+000  2.3112479705595844e-002
  4.7700000000000000e+002  1.7957900000000000e+000  2.3004242883428942e-002
  4.7800000000000000e+002  1.7957900000000000e+000  2.2896006061262041e-002
  4.7900000000000000e+002  1.7957900000000000e+000  2.2787769239095142e-002
  4.8000000000000000e+002  1.7919261662034203e+000  2.2679532416928241e-002
  4.8100000000000000e+002  1.7915900000000000e+000  2.2571295594761339e-002
  4.8200000000000000e+002  1.7915900000000000e+000  2.2463058772594437e-002
  4.8300000000000000e+002  1.7915900000000000e+000  2.2354821950427536e-002
  4.8400000000000000e+002  1.7915835693030726e+000  2.2246585128260634e-002
  4.8500000000000000e+002  1.7881286573703301e+000  2.2138348306093732e-002
  4.8600000000000000e+002  1.7873800000000000e+000  2.2030111483926831e-002
  4.8700000000000000e+002  1.7873781705358618e+000  2.1921874661759929e-002
  4.8800000000000000e+002  1.7873699999999999e+000  2.1813637839593027e-002
  4.8900000000000000e+002  1.7850886376002544e+000  2.1705401017426126e-002
  4.9000000000000000e+002  1.7831699999999999e+000  2.1700000000000001e-002
  4.9100000000000000e+002  1.7831699999999999e+000  2.1700000000000001e-002
  4.9200000000000000e+002  1.7831600000000001e+000  2.1700000000000001e-002
  4.9300000000000000e+002  1.7831600000000001e+000  2.1700000000000001e-002
  4.9400000000000000e+002  1.7812911239091265e+000  2.1700000000000001e-002
  4.9500000000000000e+002  1.7789537565831426e+000  2.1700000000000001e-002
  4.9600000000000000e+002  1.7789500000000000e+000  2.1700000000000001e-002
  4.9700000000000000e+002  1.7789500000000000e+000  2.1700000000000001e-002
  4.9800000000000000e+002  1.7789500000000000e+000  2.1700000000000001e-002
  4.9900000000000000e+002  1.7789500000000000e+000  2.1700000000000001e-002
  5.0000000000000000e+002  1.7789447149469806e+000  2.1700000000000001e-002
  5.0100000000000000e+002  1.7759685697460781e+000  2.1700000000000001e-002
  5.0200000000000000e+002  1.7747400000000000e+000  2.1700000000000001e-002
  5.0300000000000000e+002  1.7747393160697627e+000  2.1700000000000001e-002
  5.0400000000000000e+002  1.7747299999999999e+000  2.1700000000000001e-002
  5.0500000000000000e+002  1.7747299999999999e+000  2.1700000000000001e-002
  5.0600000000000000e+002  1.7747299999999999e+000  2.1700000000000001e-002
  5.0700000000000000e+002  1.7747299999999999e+000  2.1700000000000001e-002
  5.0800000000000000e+002  1.7706366377726481e+000  2.1700000000000001e-002
  5.0900000000000000e+002  1.7705100000000000e+000  2.1700000000000001e-002
  5.1000000000000000e+002  1.7705100000000000e+000  2.1700000000000001e-002
  5.1100000000000000e+002  1.7705100000000000e+000  2.1700000000000001e-002
  5.1200000000000000e+002  1.7705100000000000e+000  2.1700000000000001e-002
  5.1300000000000000e+002  1.7705100000000000e+000  2.1700000000000001e-002
  5.1400000000000000e+002  1.7705100000000000e+000  2.1700000000000001e-002
  5.1500000000000000e+002  1.7705100000000000e+000  2.1700000000000001e-002
  5.1600000000000000e+002  1.7705100000000000e+000  2.1724708534621578e-002
  5.1700000000000000e+002  1.7705100000000000e+000  2.1814885668276975e-002
  5.1800000000000000e+002  1.7705100000000000e+000  2.1905062801932367e-002
  5.1900000000000000e+002  1.7705004093947052e+000  2.1995239935587763e-002
  5.2000000000000000e+002  1.7663000000000000e+000  2.2085417069243156e-002
  5.2100000000000000e+002  1.7663000000000000e+000  2.2175594202898552e-002
  5.2200000000000000e+002  1.7662950105685775e+000  2.2265771336553945e-002
  5.2300000000000000e+002  1.7662899999999999e+000  2.2355948470209341e-002
  5.2400000000000000e+002  1.7662899999999999e+000  2.2446125603864733e-002
  5.2500000000000000e+002  1.7662899999999999e+000  2.2536302737520129e-002
  5.2600000000000000e+002  1.7662899999999999e+000  2.2626479871175522e-002
  5.2700000000000000e+002  1.7662899999999999e+000  2.2716657004830918e-002
  5.2800000000000000e+002  1.7662841606641004e+000  2.2806834138486314e-002
  5.2900000000000000e+002  1.7662800000000001e+000  2.2897011272141707e-002
  5.3000000000000000e+002  1.7662800000000001e+000  2.2987188405797103e-002
  5.3100000000000000e+002  1.7662800000000001e+000  2.3077365539452496e-002
  5.3200000000000000e+002  1.7662800000000001e+000  2.3167542673107892e-002
  5.3300000000000000e+002  1.7662800000000001e+000  2.3257719806763284e-002
  5.3400000000000000e+002  1.7662733108187894e+000  2.3347896940418680e-002
  5.3500000000000000e+002  1.7662700000000000e+000  2.3438074074074073e-002
  5.3600000000000000e+002  1.7662700000000000e+000  2.3528251207729469e-002
  5.3700000000000000e+002  1.7662700000000000e+000  2.3618428341384862e-002
  5.3800000000000000e+002  1.7662700000000000e+000  2.3708605475040258e-002
  5.3900000000000000e+002  1.7662642691826276e+000  2.3798782608695650e-002
  5.4000000000000000e+002  1.7662599999999999e+000  2.3225858310776323e-002
  5.4100000000000000e+002  1.7662599999999999e+000  2.2643859639490269e-002
  5.4200000000000000e+002  1.7662599999999999e+000  2.2061860968204214e-002
  5.4300000000000000e+002  1.7662599999999999e+000  2.1479862296918159e-002
  5.4400000000000000e+002  1.7662599999999999e+000  2.0897863625632104e-002
  5.4500000000000000e+002  1.7634967505594157e+000  2.0315864954346050e-002
  5.4600000000000000e+002  1.7620499999999999e+000  1.9733866283059995e-002
  5.4700000000000000e+002  1.7620499999999999e+000  1.9151867611773940e-002
  5.4800000000000000e+002  1.7620480205701059e+000  1.8569868940487885e-002
  5.4900000000000000e+002  1.7620400000000001e+000  1.7987870269201831e-002
  5.5000000000000000e+002  1.7620400000000001e+000  1.7405871597915779e-002
  5.5100000000000000e+002  1.7589308930842795e+000  1.6823872926629724e-002
  5.5200000000000000e+002  1.7578300000000000e+000  1.6241874255343670e-002
  5.5300000000000000e+002  1.7578300000000000e+000  1.5659875584057615e-002
  5.5400000000000000e+002  1.7578300000000000e+000  1.5077876912771560e-002
  5.5500000000000000e+002  1.7578300000000000e+000  1.4495878241485507e-002
  5.5600000000000000e+002  1.7578300000000000e+000  1.3913879570199452e-002
  5.5700000000000000e+002  1.7543750511141472e+000  1.3331880898913398e-002
  5.5800000000000000e+002  1.7536200000000000e+000  1.3145206671794661e-002
  5.5900000000000000e+002  1.7536200000000000e+000  1.3074359337678634e-002
  5.6000000000000000e+002  1.7536200000000000e+000  1.3003512003562607e-002
  5.6100000000000000e+002  1.7513377900786731e+000  1.2932664669446578e-002
  5.6200000000000000e+002  1.7494099999999999e+000  1.2861817335330551e-002
  5.6300000000000000e+002  1.7494099999999999e+000  1.2790970001214524e-002
  5.6400000000000000e+002  1.7494091662140141e+000  1.2720122667098497e-002
  5.6500000000000000e+002  1.7494000000000001e+000  1.2649275332982468e-002
  5.6600000000000000e+002  1.7494000000000001e+000  1.2578427998866441e-002
  5.6700000000000000e+002  1.7467782213899588e+000  1.2507580664750413e-002
  5.6800000000000000e+002  1.7452000000000001e+000  1.2436733330634386e-002
  5.6900000000000000e+002  1.7451901509104220e+000  1.2365885996518357e-002
  5.7000000000000000e+002  1.7451900000000000e+000  1.2295038662402330e-002
  5.7100000000000000e+002  1.7451900000000000e+000  1.2224191328286303e-002
  5.7200000000000000e+002  1.7451900000000000e+000  1.2153343994170274e-002
  5.7300000000000000e+002  1.7422161061384085e+000  1.2082496660054247e-002
  5.7400000000000000e+002  1.7409800000000000e+000  1.2011649325938220e-002
  5.7500000000000000e+002  1.7409800000000000e+000  1.1940801991822191e-002
  5.7600000000000000e+002  1.7409800000000000e+000  1.1869954657706164e-002
  5.7700000000000000e+002  1.7409757106251327e+000  1.1799107323590137e-002
  5.7800000000000000e+002  1.7409699999999999e+000  1.1728259989474110e-002
  5.7900000000000000e+002  1.7409699999999999e+000  1.1657412655358083e-002
  5.8000000000000000e+002  1.7409699999999999e+000  1.1586565321242054e-002
  5.8100000000000000e+002  1.7367500000000000e+000  1.1515717987126027e-002
  5.8200000000000000e+002  1.7367500000000000e+000  1.1444870653010000e-002
  5.8300000000000000e+002  1.7367500000000000e+000  1.1374023318893971e-002
  5.8400000000000000e+002  1.7367500000000000e+000  1.1303175984777944e-002
  5.8500000000000000e+002  1.7367500000000000e+000  1.1232328650661916e-002
  5.8600000000000000e+002  1.7367500000000000e+000  1.1161481316545888e-002
  5.8700000000000000e+002  1.7367500000000000e+000  1.1099674779147488e-002
  5.8800000000000000e+002  1.7367500000000000e+000  1.1097214712184465e-002
  5.8900000000000000e+002  1.7367500000000000e+000  1.1094754645221444e-002
  5.9000000000000000e+002  1.7367500000000000e+000  1.1092294578258421e-002
  5.9100000000000000e+002  1.7327275232015829e+000  1.1089834511295398e-002
  5.9200000000000000e+002  1.7325400000000000e+000  1.1087374444332375e-002
  5.9300000000000000e+002  1.7325400000000000e+000  1.1084914377369352e-002
  5.9400000000000000e+002  1.7325400000000000e+000  1.1082454310406329e-002
  5.9500000000000000e+002  1.7325400000000000e+000  1.1079994243443306e-002
  5.9600000000000000e+002  1.7325314049547740e+000  1.1077534176480284e-002
  5.9700000000000000e+002  1.7325299999999999e+000  1.1075074109517261e-002
  5.9800000000000000e+002  1.7325299999999999e+000  1.1072614042554239e-002
  5.9900000000000000e+002  1.7325299999999999e+000  1.1070153975591216e-002
  6.0000000000000000e+002  1.7325299999999999e+000  1.1067693908628193e-002
  6.0100000000000000e+002  1.7325299999999999e+000  1.1065233841665171e-002
  6.0200000000000000e+002  1.7325205551094633e+000  1.1062773774702148e-002
  6.0300000000000000e+002  1.7319950247326519e+000  1.1060313707739125e-002
  6.0400000000000000e+002  1.7283200000000001e+000  1.1057853640776102e-002
  6.0500000000000000e+002  1.7283151563422525e+000  1.1055393573813079e-002
  6.0600000000000000e+002  1.7283100000000000e+000  1.1052933506850056e-002
  6.0700000000000000e+002  1.7283100000000000e+000  1.1050473439887033e-002
  6.0800000000000000e+002  1.7283100000000000e+000  1.1048013372924012e-002
  6.0900000000000000e+002  1.7283100000000000e+000  1.1045553305960989e-002
  6.1000000000000000e+002  1.7283100000000000e+000  1.1043093238997966e-002
  6.1100000000000000e+002  1.7283043063788583e+000  1.1040633172034943e-002
  6.1200000000000000e+002  1.7282999999999999e+000  1.1038173105071920e-002
  6.1300000000000000e+002  1.7282999999999999e+000  1.1035713038108897e-002
  6.1400000000000000e+002  1.7282999999999999e+000  1.1033252971145874e-002
  6.1500000000000000e+002  1.7282999999999999e+000  1.1030792904182851e-002
  6.1600000000000000e+002  1.7263117185659773e+000  1.1028332837219828e-002
  6.1700000000000000e+002  1.7240899999999999e+000  1.1025872770256805e-002
  6.1800000000000000e+002  1.7240899999999999e+000  1.1023412703293784e-002
  6.1900000000000000e+002  1.7240899999999999e+000  1.1020952636330761e-002
  6.2000000000000000e+002  1.7240861155326737e+000  1.1018492569367738e-002
  6.2100000000000000e+002  1.7240700000000000e+000  1.1016032502404715e-002
  6.2200000000000000e+002  1.7240700000000000e+000  1.1013572435441692e-002
  6.2300000000000000e+002  1.7240700000000000e+000  1.1011112368478669e-002
  6.2400000000000000e+002  1.7240700000000000e+000  1.1008652301515646e-002
  6.2500000000000000e+002  1.7240700000000000e+000  1.1006192234552624e-002
  6.2600000000000000e+002  1.7240700000000000e+000  1.1003732167589601e-002
  6.2700000000000000e+002  1.7240700000000000e+000  1.1001272100626578e-002
  6.2800000000000000e+002  1.7240700000000000e+000  1.0998870845170870e-002
  6.2900000000000000e+002  1.7240700000000000e+000  1.0996532566377889e-002
  6.3000000000000000e+002  1.7240700000000000e+000  1.0994194287584908e-002
  6.3100000000000000e+002  1.7233000243793282e+000  1.0991856008791928e-002
  6.3200000000000000e+002  1.7198599999999999e+000  1.0989517729998947e-002
  6.3300000000000000e+002  1.7198599999999999e+000  1.0987179451205966e-002
  6.3400000000000000e+002  1.7198599999999999e+000  1.0984841172412987e-002
  6.3500000000000000e+002  1.7198509591904212e+000  1.0982502893620006e-002
  6.3600000000000000e+002  1.7198500000000001e+000  1.0980164614827025e-002
  6.3700000000000000e+002  1.7198500000000001e+000  1.0977826336034046e-002
  6.3800000000000000e+002  1.7198500000000001e+000  1.0975488057241065e-002
  6.3900000000000000e+002  1.7198500000000001e+000  1.0973149778448084e-002
  6.4000000000000000e+002  1.7198500000000001e+000  1.0970811499655104e-002
  6.4100000000000000e+002  1.7198401093438191e+000  1.0968473220862123e-002
  6.4200000000000000e+002  1.7198400000000000e+000  1.0966134942069142e-002
  6.4300000000000000e+002  1.7198400000000000e+000  1.0963796663276163e-002
  6.4400000000000000e+002  1.7198400000000000e+000  1.0961458384483182e-002
  6.4500000000000000e+002  1.7168486176640323e+000  1.0959120105690201e-002
  6.4600000000000000e+002  1.7156300000000000e+000  1.0956781826897221e-002
  6.4700000000000000e+002  1.7156300000000000e+000  1.0954443548104240e-002
  6.4800000000000000e+002  1.7156300000000000e+000  1.0952105269311259e-002
  6.4900000000000000e+002  1.7156300000000000e+000  1.0949766990518280e-002
  6.5000000000000000e+002  1.7156238607325887e+000  1.0947428711725299e-002
  6.5100000000000000e+002  1.7156199999999999e+000  1.0945090432932318e-002
  6.5200000000000000e+002  1.7156199999999999e+000  1.0942752154139338e-002
  6.5300000000000000e+002  1.7156199999999999e+000  1.0940413875346357e-002
  6.5400000000000000e+002  1.7156199999999999e+000  1.0938075596553376e-002
  6.5500000000000000e+002  1.7156096381928536e+000  1.0935737317760397e-002
  6.5600000000000000e+002  1.7156000000000000e+000  1.0933399038967416e-002
  6.5700000000000000e+002  1.7156000000000000e+000  1.0931060760174435e-002
  6.5800000000000000e+002  1.7153461905378828e+000  1.0928722481381456e-002
  6.5900000000000000e+002  1.7114000000000000e+000  1.0926384202588475e-002
  6.6000000000000000e+002  1.7114000000000000e+000  1.0924045923795494e-002
  6.6100000000000000e+002  1.7114000000000000e+000  1.0921707645002514e-002
  6.6200000000000000e+002  1.7114000000000000e+000  1.0919369366209533e-002
  6.6300000000000000e+002  1.7114000000000000e+000  1.0917031087416552e-002
  6.6400000000000000e+002  1.7113985704839052e+000  1.0914692808623573e-002
  6.6500000000000000e+002  1.7113900000000000e+000  1.0912354529830592e-002
  6.6600000000000000e+002  1.7113900000000000e+000  1.0910016251037611e-002
  6.6700000000000000e+002  1.7113900000000000e+000  1.0907677972244631e-002
  6.6800000000000000e+002  1.7113900000000000e+000  1.0905339693451650e-002
  6.6900000000000000e+002  1.7113900000000000e+000  1.0903001414658669e-002
  6.7000000000000000e+002  1.7113877205205110e+000  1.0900663135865690e-002
  6.7100000000000000e+002  1.7113799999999999e+000  1.0898273572697193e-002
  6.7200000000000000e+002  1.7113799999999999e+000  1.0895863707673733e-002
  6.7300000000000000e+002  1.7113799999999999e+000  1.0893453842650273e-002
  6.7400000000000000e+002  1.7113799999999999e+000  1.0891043977626812e-002
  6.7500000000000000e+002  1.7113799999999999e+000  1.0888634112603353e-002
  6.7600000000000000e+002  1.7113768705571168e+000  1.0886224247579892e-002
  6.7700000000000000e+002  1.7093015832243934e+000  1.0883814382556433e-002
  6.7800000000000000e+002  1.7071700000000001e+000  1.0881404517532974e-002
  6.7900000000000000e+002  1.7071700000000001e+000  1.0878994652509513e-002
  6.8000000000000000e+002  1.7071600000000000e+000  1.0876584787486054e-002
  6.8100000000000000e+002  1.7071600000000000e+000  1.0874174922462593e-002
  6.8200000000000000e+002  1.7071600000000000e+000  1.0871765057439134e-002
  6.8300000000000000e+002  1.7071600000000000e+000  1.0869355192415673e-002
  6.8400000000000000e+002  1.7071600000000000e+000  1.0866945327392213e-002
  6.8500000000000000e+002  1.7071600000000000e+000  1.0864535462368752e-002
  6.8600000000000000e+002  1.7071499999999999e+000  1.0862125597345293e-002
  6.8700000000000000e+002  1.7071499999999999e+000  1.0859715732321832e-002
  6.8800000000000000e+002  1.7071499999999999e+000  1.0857305867298373e-002
  6.8900000000000000e+002  1.7071499999999999e+000  1.0854896002274912e-002
  6.9000000000000000e+002  1.7071499999999999e+000  1.0852486137251453e-002
  6.9100000000000000e+002  1.7071300000000000e+000  1.0850076272227992e-002
  6.9200000000000000e+002  1.7071300000000000e+000  1.0847666407204533e-002
  6.9300000000000000e+002  1.7071300000000000e+000  1.0845256542181072e-002
  6.9400000000000000e+002  1.7071300000000000e+000  1.0842846677157613e-002
  6.9500000000000000e+002  1.7071300000000000e+000  1.0840436812134153e-002
  6.9600000000000000e+002  1.7071300000000000e+000  1.0838026947110693e-002
  6.9700000000000000e+002  1.7071300000000000e+000  1.0835617082087233e-002
  6.9800000000000000e+002  1.7071300000000000e+000  1.0833207217063772e-002
  6.9900000000000000e+002  1.7071300000000000e+000  1.0830797352040313e-002
  7.0000000000000000e+002  1.7071300000000000e+000  1.0828387487016852e-002
  7.0100000000000000e+002  1.7071300000000000e+000  1.0825977621993393e-002
  7.0200000000000000e+002  1.7071298803830577e+000  1.0823567756969932e-002
  7.0300000000000000e+002  1.7071200000000000e+000  1.0821157891946473e-002
  7.0400000000000000e+002  1.7071200000000000e+000  1.0818748026923012e-002
  7.0500000000000000e+002  1.7071200000000000e+000  1.0816338161899553e-002
  7.0600000000000000e+002  1.7071200000000000e+000  1.0813928296876092e-002
  7.0700000000000000e+002  1.7071200000000000e+000  1.0811518431852633e-002
  7.0800000000000000e+002  1.7029099999999999e+000  1.0809108566829172e-002
  7.0900000000000000e+002  1.7029099999999999e+000  1.0806698701805713e-002
  7.1000000000000000e+002  1.7029099999999999e+000  1.0804288836782253e-002
  7.1100000000000000e+002  1.7029099999999999e+000  1.0801878971758792e-002
  7.1200000000000000e+002  1.7029018235599744e+000  1.0757820002179787e-002
  7.1300000000000000e+002  1.7029000000000001e+000  1.0566353829595934e-002
  7.1400000000000000e+002  1.7029000000000001e+000  1.0374887657012079e-002
  7.1500000000000000e+002  1.7029000000000001e+000  1.0183421484428226e-002
  7.1600000000000000e+002  1.7029000000000001e+000  9.9919553118443735e-003
  7.1700000000000000e+002  1.7029000000000001e+000  9.8004891392605188e-003
  7.1800000000000000e+002  1.7028909735965803e+000  9.6090229666766658e-003
  7.1900000000000000e+002  1.7028900000000000e+000  9.4175567940928129e-003
  7.2000000000000000e+002  1.7028900000000000e+000  9.2260906215089582e-003
  7.2100000000000000e+002  1.7028900000000000e+000  9.0346244489251052e-003
  7.2200000000000000e+002  1.7028900000000000e+000  8.8431582763412522e-003
  7.2300000000000000e+002  1.7028819319376054e+000  8.6516921037573993e-003
  7.2400000000000000e+002  1.7028799999999999e+000  8.4602259311735446e-003
  7.2500000000000000e+002  1.7028799999999999e+000  8.2687597585896916e-003
  7.2600000000000000e+002  1.7028799999999999e+000  8.0772935860058386e-003
  7.2700000000000000e+002  1.7028799999999999e+000  7.8858274134219856e-003
  7.2800000000000000e+002  1.7028799999999999e+000  7.6943612408381309e-003
  7.2900000000000000e+002  1.7028621639940487e+000  7.5028950682542780e-003
  7.3000000000000000e+002  1.7028600000000000e+000  7.3114288956704250e-003
  7.3100000000000000e+002  1.7028600000000000e+000  7.1199627230865712e-003
  7.3200000000000000e+002  1.7028600000000000e+000  6.9284965505027173e-003
  7.3300000000000000e+002  1.7028600000000000e+000  6.7370303779188635e-003
  7.3400000000000000e+002  1.6995177928134828e+000  6.5455642053350105e-003
  7.3500000000000000e+002  1.6986500000000000e+000  6.3540980327511576e-003
  7.3600000000000000e+002  1.6986500000000000e+000  6.1626318601673037e-003
  7.3700000000000000e+002  1.6986500000000000e+000  5.9711656875834499e-003
  7.3800000000000000e+002  1.6986500000000000e+000  5.7796995149995969e-003
  7.3900000000000000e+002  1.6986500000000000e+000  5.5882333424157431e-003
  7.4000000000000000e+002  1.6986500000000000e+000  5.3967671698318901e-003
  7.4100000000000000e+002  1.6986500000000000e+000  5.2053009972480363e-003
  7.4200000000000000e+002  1.6986500000000000e+000  5.0138348246641833e-003
  7.4300000000000000e+002  1.6986500000000000e+000  4.8223686520803295e-003
  7.4400000000000000e+002  1.6986439834211084e+000  4.6309024794964756e-003
  7.4500000000000000e+002  1.6986399999999999e+000  4.4667427403314924e-003
  7.4600000000000000e+002  1.6986399999999999e+000  4.4194499226519347e-003
  7.4700000000000000e+002  1.6986399999999999e+000  4.3721571049723769e-003
  7.4800000000000000e+002  1.6986399999999999e+000  4.3248642872928183e-003
  7.4900000000000000e+002  1.6986349419030300e+000  4.2775714696132606e-003
  7.5000000000000000e+002  1.6986300000000001e+000  4.2302786519337028e-003
  7.5100000000000000e+002  1.6986300000000001e+000  4.1829858342541442e-003
  7.5200000000000000e+002  1.6986300000000001e+000  4.1356930165745865e-003
  7.5300000000000000e+002  1.6986300000000001e+000  4.0884001988950288e-003
  7.5400000000000000e+002  1.6986300000000001e+000  4.0411073812154702e-003
  7.5500000000000000e+002  1.6986240919396358e+000  3.9938145635359124e-003
  7.5600000000000000e+002  1.6986200000000000e+000  3.9465217458563547e-003
  7.5700000000000000e+002  1.6986200000000000e+000  3.8992289281767961e-003
  7.5800000000000000e+002  1.6986200000000000e+000  3.8519361104972383e-003
  7.5900000000000000e+002  1.6973009569068063e+000  3.8046432928176802e-003
  7.6000000000000000e+002  1.6944100000000000e+000  3.7573504751381220e-003
  7.6100000000000000e+002  1.6944100000000000e+000  3.7100576574585643e-003
  7.6200000000000000e+002  1.6944100000000000e+000  3.6627648397790061e-003
  7.6300000000000000e+002  1.6944100000000000e+000  3.6154720220994479e-003
  7.6400000000000000e+002  1.6944078432344987e+000  3.5681792044198902e-003
  7.6500000000000000e+002  1.6943999999999999e+000  3.5208863867403320e-003
  7.6600000000000000e+002  1.6943999999999999e+000  3.4735935690607738e-003
  7.6700000000000000e+002  1.6943999999999999e+000  3.4263007513812161e-003
  7.6800000000000000e+002  1.6943999999999999e+000  3.3790079337016579e-003
  7.6900000000000000e+002  1.6943999999999999e+000  3.3317151160220998e-003
  7.7000000000000000e+002  1.6943939866564326e+000  3.2844222983425420e-003
  7.7100000000000000e+002  1.6943800000000000e+000  3.2371294806629834e-003
  7.7200000000000000e+002  1.6943800000000000e+000  3.1898366629834257e-003
  7.7300000000000000e+002  1.6943800000000000e+000  3.1425438453038679e-003
  7.7400000000000000e+002  1.6943800000000000e+000  3.0952510276243093e-003
  7.7500000000000000e+002  1.6943800000000000e+000  3.0479582099447516e-003
  7.7600000000000000e+002  1.6943800000000000e+000  3.0006653922651939e-003
  7.7700000000000000e+002  1.6943800000000000e+000  2.9533725745856353e-003
  7.7800000000000000e+002  1.6943800000000000e+000  2.9060797569060775e-003
  7.7900000000000000e+002  1.6943800000000000e+000  2.8587869392265198e-003
  7.8000000000000000e+002  1.6943800000000000e+000  2.8114941215469612e-003
  7.8100000000000000e+002  1.6943771017641640e+000  2.7642013038674034e-003
  7.8200000000000000e+002  1.6943699999999999e+000  2.7169084861878453e-003
  7.8300000000000000e+002  1.6943699999999999e+000  2.6696156685082871e-003
  7.8400000000000000e+002  1.6943699999999999e+000  2.6223228508287294e-003
  7.8500000000000000e+002  1.6943699999999999e+000  2.5750300331491712e-003
  7.8600000000000000e+002  1.6935554587852879e+000  2.5277372154696130e-003
  7.8700000000000000e+002  1.6901600000000001e+000  2.4804443977900553e-003
  7.8800000000000000e+002  1.6901600000000001e+000  2.4331515801104971e-003
  7.8900000000000000e+002  1.6901600000000001e+000  2.3858587624309389e-003
  7.9000000000000000e+002  1.6901600000000001e+000  2.3385659447513808e-003
  7.9100000000000000e+002  1.6901500000000000e+000  2.2928397618197632e-003
  7.9200000000000000e+002  1.6901500000000000e+000  2.2910886519291501e-003
  7.9300000000000000e+002  1.6901500000000000e+000  2.2893375420385371e-003
  7.9400000000000000e+002  1.6901500000000000e+000  2.2875864321479245e-003
  7.9500000000000000e+002  1.6901500000000000e+000  2.2858353222573115e-003
  7.9600000000000000e+002  1.6901500000000000e+000  2.2840842123666989e-003
  7.9700000000000000e+002  1.6901400000000000e+000  2.2823331024760859e-003
  7.9800000000000000e+002  1.6901400000000000e+000  2.2805819925854729e-003
  7.9900000000000000e+002  1.6901400000000000e+000  2.2788308826948603e-003
  8.0000000000000000e+002  1.6901400000000000e+000  2.2770797728042472e-003
  8.0100000000000000e+002  1.6901400000000000e+000  2.2753286629136346e-003
  8.0200000000000000e+002  1.6901391533429375e+000  2.2735775530230216e-003
  8.0300000000000000e+002  1.6901299999999999e+000  2.2718264431324090e-003
  8.0400000000000000e+002  1.6901299999999999e+000  2.2700753332417960e-003
  8.0500000000000000e+002  1.6901299999999999e+000  2.2683242233511830e-003
  8.0600000000000000e+002  1.6901299999999999e+000  2.2665731134605704e-003
  8.0700000000000000e+002  1.6901299999999999e+000  2.2648220035699574e-003
  8.0800000000000000e+002  1.6901100000000000e+000  2.2630708936793448e-003
  8.0900000000000000e+002  1.6901100000000000e+000  2.2613197837887317e-003
  8.1000000000000000e+002  1.6901100000000000e+000  2.2595686738981187e-003
  8.1100000000000000e+002  1.6901100000000000e+000  2.2578175640075061e-003
  8.1200000000000000e+002  1.6901100000000000e+000  2.2560664541168931e-003
  8.1300000000000000e+002  1.6901100000000000e+000  2.2543153442262805e-003
  8.1400000000000000e+002  1.6901100000000000e+000  2.2525642343356675e-003
  8.1500000000000000e+002  1.6901100000000000e+000  2.2508131244450549e-003
  8.1600000000000000e+002  1.6901100000000000e+000  2.2490620145544419e-003
  8.1700000000000000e+002  1.6901100000000000e+000  2.2473109046638289e-003
  8.1800000000000000e+002  1.6901100000000000e+000  2.2455597947732163e-003
  8.1900000000000000e+002  1.6894431493280881e+000  2.2438086848826032e-003
  8.2000000000000000e+002  1.6859000000000000e+000  2.2420575749919906e-003
  8.2100000000000000e+002  1.6859000000000000e+000  2.2403064651013776e-003
  8.2200000000000000e+002  1.6859000000000000e+000  2.2385553552107646e-003
  8.2300000000000000e+002  1.6858912048036276e+000  2.2368042453201520e-003
  8.2400000000000000e+002  1.6858900000000001e+000  2.2350531354295390e-003
  8.2500000000000000e+002  1.6858900000000001e+000  2.2333020255389264e-003
  8.2600000000000000e+002  1.6858900000000001e+000  2.2315509156483134e-003
  8.2700000000000000e+002  1.6858900000000001e+000  2.2297998057577008e-003
  8.2800000000000000e+002  1.6858900000000001e+000  2.2280486958670877e-003
  8.2900000000000000e+002  1.6858803548402335e+000  2.2262975859764747e-003
  8.3000000000000000e+002  1.6858800000000000e+000  2.2245464760858621e-003
  8.3100000000000000e+002  1.6858800000000000e+000  2.2227953661952491e-003
  8.3200000000000000e+002  1.6858800000000000e+000  2.2210442563046365e-003
  8.3300000000000000e+002  1.6858800000000000e+000  2.2192931464140235e-003
  8.3400000000000000e+002  1.6858713133221548e+000  2.2175420365234105e-003
  8.3500000000000000e+002  1.6858700000000000e+000  2.2157909266327979e-003
  8.3600000000000000e+002  1.6858700000000000e+000  2.2140398167421848e-003
  8.3700000000000000e+002  1.6858700000000000e+000  2.2122887068515723e-003
  8.3800000000000000e+002  1.6858700000000000e+000  2.2105375969609592e-003
  8.3900000000000000e+002  1.6858700000000000e+000  2.2087864870703466e-003
  8.4000000000000000e+002  1.6858604633587606e+000  2.2070353771797336e-003
  8.4100000000000000e+002  1.6858599999999999e+000  2.2052842672891206e-003
  8.4200000000000000e+002  1.6858599999999999e+000  2.2035331573985080e-003
  8.4300000000000000e+002  1.6858599999999999e+000  2.2017820475078950e-003
  8.4400000000000000e+002  1.6858599999999999e+000  2.2000309376172824e-003
  8.4500000000000000e+002  1.6858599999999999e+000  2.1982798277266694e-003
  8.4600000000000000e+002  1.6858400000000000e+000  2.1965287178360568e-003
  8.4700000000000000e+002  1.6858400000000000e+000  2.1947776079454437e-003
  8.4800000000000000e+002  1.6858400000000000e+000  2.1930264980548307e-003
  8.4900000000000000e+002  1.6858400000000000e+000  2.1912753881642181e-003
  8.5000000000000000e+002  1.6858400000000000e+000  2.1895242782736051e-003
  8.5100000000000000e+002  1.6858400000000000e+000  2.1877731683829925e-003
  8.5200000000000000e+002  1.6858400000000000e+000  2.1860220584923795e-003
  8.5300000000000000e+002  1.6858400000000000e+000  2.1842709486017665e-003
  8.5400000000000000e+002  1.6858400000000000e+000  2.1825198387111539e-003
  8.5500000000000000e+002  1.6858400000000000e+000  2.1807687288205408e-003
  8.5600000000000000e+002  1.6858400000000000e+000  2.1790176189299282e-003
  8.5700000000000000e+002  1.6858299999999999e+000  2.1772665090393152e-003
  8.5800000000000000e+002  1.6858299999999999e+000  2.1755153991487026e-003
  8.5900000000000000e+002  1.6858299999999999e+000  2.1737642892580896e-003
  8.6000000000000000e+002  1.6858299999999999e+000  2.1720131793674766e-003
  8.6100000000000000e+002  1.6858299999999999e+000  2.1702620694768640e-003
  8.6200000000000000e+002  1.6858299999999999e+000  2.1685109595862510e-003
  8.6300000000000000e+002  1.6858200000000001e+000  2.1667598496956384e-003
  8.6400000000000000e+002  1.6858200000000001e+000  2.1650087398050253e-003
  8.6500000000000000e+002  1.6838324346351345e+000  2.1632576299144123e-003
  8.6600000000000000e+002  1.6816134731832888e+000  2.1615065200237997e-003
  8.6700000000000000e+002  1.6816100000000000e+000  2.1597554101331867e-003
  8.6800000000000000e+002  1.6816100000000000e+000  2.1580043002425741e-003
  8.6900000000000000e+002  1.6816100000000000e+000  2.1562531903519611e-003
  8.7000000000000000e+002  1.6816100000000000e+000  2.1545020804613485e-003
  8.7100000000000000e+002  1.6816100000000000e+000  2.1527509705707355e-003
  8.7200000000000000e+002  1.6816026233379779e+000  2.1509998606801225e-003
  8.7300000000000000e+002  1.6816000000000000e+000  2.1492487507895099e-003
  8.7400000000000000e+002  1.6816000000000000e+000  2.1474976408988968e-003
  8.7500000000000000e+002  1.6816000000000000e+000  2.1457465310082842e-003
  8.7600000000000000e+002  1.6816000000000000e+000  2.1439954211176712e-003
  8.7700000000000000e+002  1.6816000000000000e+000  2.1422443112270582e-003
  8.7800000000000000e+002  1.6815917733745838e+000  2.1404932013364456e-003
  8.7900000000000000e+002  1.6815899999999999e+000  2.1387420914458326e-003
  8.8000000000000000e+002  1.6815899999999999e+000  2.1369909815552200e-003
  8.8100000000000000e+002  1.6815899999999999e+000  2.1352398716646070e-003
  8.8200000000000000e+002  1.6815899999999999e+000  2.1334887617739944e-003
  8.8300000000000000e+002  1.6815754633051898e+000  2.1317376518833813e-003
  8.8400000000000000e+002  1.6815700000000000e+000  2.1299865419927683e-003
  8.8500000000000000e+002  1.6815700000000000e+000  2.1282354321021557e-003
  8.8600000000000000e+002  1.6815700000000000e+000  2.1264843222115427e-003
  8.8700000000000000e+002  1.6815700000000000e+000  2.1247332123209301e-003
  8.8800000000000000e+002  1.6815700000000000e+000  2.1229821024303171e-003
  8.8900000000000000e+002  1.6815700000000000e+000  2.1212309925397041e-003
  8.9000000000000000e+002  1.6815700000000000e+000  2.1194798826490915e-003
  8.9100000000000000e+002  1.6815700000000000e+000  2.1177287727584784e-003
  8.9200000000000000e+002  1.6815700000000000e+000  2.1159776628678659e-003
  8.9300000000000000e+002  1.6793229444810855e+000  2.1142265529772528e-003
  8.9400000000000000e+002  1.6773600000000000e+000  2.1124754430866402e-003
  8.9500000000000000e+002  1.6773600000000000e+000  2.1107243331960272e-003
  8.9600000000000000e+002  1.6773600000000000e+000  2.1089732233054142e-003
  8.9700000000000000e+002  1.6762856591685313e+000  2.1072221134148016e-003
  8.9800000000000000e+002  1.6731499999999999e+000  2.1054710035241886e-003
  8.9900000000000000e+002  1.6731594890185963e+000  2.1037198936335760e-003
  9.0000000000000000e+002  1.6731777118996003e+000  2.1019687837429630e-003
  9.0100000000000000e+002  1.6731959347806042e+000  2.1015873429442405e-003
  9.0200000000000000e+002  1.6732141576616084e+000  2.1015713091771270e-003
  9.0300000000000000e+002  1.6732323805426124e+000  2.1015552754100135e-003
  9.0400000000000000e+002  1.6732506034236163e+000  2.1015392416429001e-003
  9.0500000000000000e+002  1.6732688263046203e+000  2.1015232078757861e-003
  9.0600000000000000e+002  1.6732870491856242e+000  2.1015071741086726e-003
  9.0700000000000000e+002  1.6733052720666284e+000  2.1014911403415592e-003
  9.0800000000000000e+002  1.6733234949476323e+000  2.1014751065744457e-003
  9.0900000000000000e+002  1.6733417178286363e+000  2.1014590728073322e-003
  9.1000000000000000e+002  1.6733599407096402e+000  2.1014430390402187e-003
  9.1100000000000000e+002  1.6733781635906442e+000  2.1014270052731052e-003
  9.1200000000000000e+002  1.6733963864716483e+000  2.1014109715059917e-003
  9.1300000000000000e+002  1.6734146093526523e+000  2.1013949377388778e-003
  9.1400000000000000e+002  1.6734328322336562e+000  2.1013789039717643e-003
  9.1500000000000000e+002  1.6734510551146602e+000  2.1013628702046508e-003
  9.1600000000000000e+002  1.6734692779956644e+000  2.1013468364375373e-003
  9.1700000000000000e+002  1.6734875008766683e+000  2.1013308026704238e-003
  9.1800000000000000e+002  1.6735057237576723e+000  2.1013147689033103e-003
  9.1900000000000000e+002  1.6735239466386762e+000  2.1012987351361968e-003
  9.2000000000000000e+002  1.6735421695196802e+000  2.1012827013690834e-003
  9.2100000000000000e+002  1.6735603924006843e+000  2.1012666676019694e-003
  9.2200000000000000e+002  1.6735786152816883e+000  2.1012506338348559e-003
  9.2300000000000000e+002  1.6735968381626922e+000  2.1012346000677425e-003
  9.2400000000000000e+002  1.6736150610436962e+000  2.1012185663006290e-003
  9.2500000000000000e+002  1.6736332839247003e+000  2.1012025325335155e-003
  9.2600000000000000e+002  1.6736515068057043e+000  2.1011864987664020e-003
  9.2700000000000000e+002  1.6736697296867082e+000  2.1011704649992885e-003
  9.2800000000000000e+002  1.6736879525677122e+000  2.1011544312321750e-003
  9.2900000000000000e+002  1.6737061754487161e+000  2.1011383974650615e-003
  9.3000000000000000e+002  1.6737243983297203e+000  2.1011223636979476e-003
  9.3100000000000000e+002  1.6737426212107243e+000  2.1011063299308341e-003
  9.3200000000000000e+002  1.6737608440917282e+000  2.1010902961637206e-003
  9.3300000000000000e+002  1.6737790669727322e+000  2.1010742623966071e-003
  9.3400000000000000e+002  1.6737972898537363e+000  2.1010582286294936e-003
  9.3500000000000000e+002  1.6738155127347403e+000  2.1010421948623802e-003
  9.3600000000000000e+002  1.6738337356157442e+000  2.1010261610952667e-003
  9.3700000000000000e+002  1.6738519584967482e+000  2.1010101273281532e-003
  9.3800000000000000e+002  1.6738701813777521e+000  2.1009940935610392e-003
  9.3900000000000000e+002  1.6738884042587563e+000  2.1009780597939258e-003
  9.4000000000000000e+002  1.6739066271397602e+000  2.1009620260268123e-003
  9.4100000000000000e+002  1.6739248500207642e+000  2.1009459922596988e-003
  9.4200000000000000e+002  1.6739430729017681e+000  2.1009299584925853e-003
  9.4300000000000000e+002  1.6739612957827723e+000  2.1009139247254718e-003
  9.4400000000000000e+002  1.6739795186637763e+000  2.1008978909583583e-003
  9.4500000000000000e+002  1.6739977415447802e+000  2.1008818571912448e-003
  9.4600000000000000e+002  1.6740159644257842e+000  2.1008658234241309e-003
  9.4700000000000000e+002  1.6740341873067881e+000  2.1008497896570174e-003
  9.4800000000000000e+002  1.6740524101877923e+000  2.1008337558899039e-003
  9.4900000000000000e+002  1.6740706330687962e+000  2.1008177221227904e-003
  9.5000000000000000e+002  1.6740888559498002e+000  2.1008016883556769e-003
  9.5100000000000000e+002  1.6741070788308041e+000  2.1007856545885635e-003
  9.5200000000000000e+002  1.6741253017118081e+000  2.1007696208214500e-003
  9.5300000000000000e+002  1.6741435245928122e+000  2.1007535870543365e-003
  9.5400000000000000e+002  1.6741617474738162e+000  2.1007375532872230e-003
  9.5500000000000000e+002  1.6741799703548201e+000  2.1007215195201091e-003
  9.5600000000000000e+002  1.6741981932358241e+000  2.1007054857529956e-003
  9.5700000000000000e+002  1.6742164161168283e+000  2.1006894519858821e-003
  9.5800000000000000e+002  1.6742346389978322e+000  2.1006734182187686e-003
  9.5900000000000000e+002  1.6742528618788362e+000  2.1006573844516551e-003
  9.6000000000000000e+002  1.6742710847598401e+000  2.1006413506845416e-003
  9.6100000000000000e+002  1.6742893076408440e+000  2.1006253169174281e-003
  9.6200000000000000e+002  1.6743075305218482e+000  2.1006092831503146e-003
  9.6300000000000000e+002  1.6743257534028522e+000  2.1005932493832007e-003
  9.6400000000000000e+002  1.6743439762838561e+000  2.1005772156160872e-003
  9.6500000000000000e+002  1.6743621991648601e+000  2.1005611818489737e-003
  9.6600000000000000e+002  1.6743804220458642e+000  2.1005451480818602e-003
  9.6700000000000000e+002  1.6743986449268682e+000  2.1005291143147468e-003
  9.6800000000000000e+002  1.6744168678078721e+000  2.1005130805476333e-003
  9.6900000000000000e+002  1.6744350906888761e+000  2.1004970467805198e-003
  9.7000000000000000e+002  1.6744533135698800e+000  2.1004810130134063e-003
  9.7100000000000000e+002  1.6744715364508842e+000  2.1004649792462924e-003
  9.7200000000000000e+002  1.6744897593318882e+000  2.1004489454791789e-003
  9.7300000000000000e+002  1.6745079822128921e+000  2.1004329117120654e-003
  9.7400000000000000e+002  1.6745262050938960e+000  2.1004168779449519e-003
  9.7500000000000000e+002  1.6745444279749002e+000  2.1004008441778384e-003
  9.7600000000000000e+002  1.6745626508559042e+000  2.1003848104107249e-003
  9.7700000000000000e+002  1.6745808737369081e+000  2.1003687766436114e-003
  9.7800000000000000e+002  1.6745990966179121e+000  2.1003527428764979e-003
  9.7900000000000000e+002  1.6746173194989160e+000  2.1003367091093844e-003
  9.8000000000000000e+002  1.6746355423799202e+000  2.1003206753422705e-003
  9.8100000000000000e+002  1.6746537652609241e+000  2.1003046415751570e-003
  9.8200000000000000e+002  1.6746719881419281e+000  2.1002886078080435e-003
  9.8300000000000000e+002  1.6746902110229320e+000  2.1002725740409301e-003
  9.8400000000000000e+002  1.6747084339039360e+000  2.1002565402738166e-003
  9.8500000000000000e+002  1.6747266567849401e+000  2.1002405065067031e-003
  9.8600000000000000e+002  1.6747448796659441e+000  2.1002244727395896e-003
  9.8700000000000000e+002  1.6747631025469480e+000  2.1002084389724761e-003
  9.8800000000000000e+002  1.6747813254279520e+000  2.1001924052053622e-003
  9.8900000000000000e+002  1.6747995483089562e+000  2.1001763714382487e-003
  9.9000000000000000e+002  1.6748177711899601e+000  2.1001603376711352e-003
  9.9100000000000000e+002  1.6748359940709641e+000  2.1001443039040217e-003
  9.9200000000000000e+002  1.6748542169519680e+000  2.1001282701369082e-003
  9.9300000000000000e+002  1.6748724398329720e+000  2.1001122363697947e-003
  9.9400000000000000e+002  1.6748906627139761e+000  2.1000962026026812e-003
  9.9500000000000000e+002  1.6749088855949801e+000  2.1000801688355678e-003
  9.9600000000000000e+002  1.6749271084759840e+000  2.1000641350684538e-003
  9.9700000000000000e+002  1.6749453313569880e+000  2.1000481013013403e-003
  9.9800000000000000e+002  1.6749635542379921e+000  2.1000320675342268e-003
  9.9900000000000000e+002  1.6749817771189961e+000  2.1000160337671134e-003
  1.0000000000000000e+003  1.6750000000000000e+000  2.0999999999999999e-003
  1.0010000000000000e+003  1.6749849999999999e+000  2.0999999999999999e-003
  1.0020000000000000e+003  1.6749700000000001e+000  2.0999999999999999e-003
  1.0030000000000000e+003  1.6749550000000000e+000  2.0999999999999999e-003
  1.0040000000000000e+003  1.6749400000000001e+000  2.0999999999999999e-003
  1.0050000000000000e+003  1.6749250000000000e+000  2.0999999999999999e-003
  1.0060000000000000e+003  1.6749100000000001e+000  2.0999999999999999e-003
  1.0070000000000000e+003  1.6748950000000000e+000  2.0999999999999999e-003
  1.0080000000000000e+003  1.6748800000000001e+000  2.0999999999999999e-003
  1.0090000000000000e+003  1.6748650000000000e+000  2.0999999999999999e-003
  1.0100000000000000e+003  1.6748499999999999e+000  2.0999999999999999e-003
  1.0110000000000000e+003  1.6748350000000001e+000  2.0999999999999999e-003
  1.0120000000000000e+003  1.6748200000000000e+000  2.0999999999999999e-003
  1.0130000000000000e+003  1.6748050000000001e+000  2.0999999999999999e-003
  1.0140000000000000e+003  1.6747900000000000e+000  2.0999999999999999e-003
  1.0150000000000000e+003  1.6747750000000001e+000  2.0999999999999999e-003
  1.0160000000000000e+003  1.6747600000000000e+000  2.0999999999999999e-003
  1.0170000000000000e+003  1.6747449999999999e+000  2.0999999999999999e-003
  1.0180000000000000e+003  1.6747300000000001e+000  2.0999999999999999e-003
  1.0190000000000000e+003  1.6747150000000000e+000  2.0999999999999999e-003
  1.0200000000000000e+003  1.6747000000000001e+000  2.0999999999999999e-003
  1.0210000000000000e+003  1.6746850000000000e+000  2.0999999999999999e-003
  1.0220000000000000e+003  1.6746700000000001e+000  2.0999999999999999e-003
  1.0230000000000000e+003  1.6746550000000000e+000  2.0999999999999999e-003
  1.0240000000000000e+003  1.6746400000000001e+000  2.0999999999999999e-003
  1.0250000000000000e+003  1.6746250000000000e+000  2.0999999999999999e-003
  1.0260000000000000e+003  1.6746099999999999e+000  2.0999999999999999e-003
  1.0270000000000000e+003  1.6745950000000001e+000  2.0999999999999999e-003
  1.0280000000000000e+003  1.6745800000000000e+000  2.0999999999999999e-003
  1.0290000000000000e+003  1.6745650000000001e+000  2.0999999999999999e-003
  1.0300000000000000e+003  1.6745500000000000e+000  2.0999999999999999e-003
  1.0310000000000000e+003  1.6745350000000001e+000  2.0999999999999999e-003
  1.0320000000000000e+003  1.6745200000000000e+000  2.0999999999999999e-003
  1.0330000000000000e+003  1.6745050000000001e+000  2.0999999999999999e-003
  1.0340000000000000e+003  1.6744900000000000e+000  2.0999999999999999e-003
  1.0350000000000000e+003  1.6744749999999999e+000  2.0999999999999999e-003
  1.0360000000000000e+003  1.6744600000000001e+000  2.0999999999999999e-003
  1.0370000000000000e+003  1.6744450000000000e+000  2.0999999999999999e-003
  1.0380000000000000e+003  1.6744300000000001e+000  2.0999999999999999e-003
  1.0390000000000000e+003  1.6744150000000000e+000  2.0999999999999999e-003
  1.0400000000000000e+003  1.6744000000000001e+000  2.0999999999999999e-003
  1.0410000000000000e+003  1.6743850000000000e+000  2.0999999999999999e-003
  1.0420000000000000e+003  1.6743699999999999e+000  2.0999999999999999e-003
  1.0430000000000000e+003  1.6743550000000000e+000  2.0999999999999999e-003
  1.0440000000000000e+003  1.6743399999999999e+000  2.0999999999999999e-003
  1.0450000000000000e+003  1.6743250000000001e+000  2.0999999999999999e-003
  1.0460000000000000e+003  1.6743100000000000e+000  2.0999999999999999e-003
  1.0470000000000000e+003  1.6742950000000001e+000  2.0999999999999999e-003
  1.0480000000000000e+003  1.6742800000000000e+000  2.0999999999999999e-003
  1.0490000000000000e+003  1.6742650000000001e+000  2.0999999999999999e-003
  1.0500000000000000e+003  1.6742500000000000e+000  2.0999999999999999e-003
  1.0510000000000000e+003  1.6742349999999999e+000  2.0999999999999999e-003
  1.0520000000000000e+003  1.6742200000000000e+000  2.0999999999999999e-003
  1.0530000000000000e+003  1.6742049999999999e+000  2.0999999999999999e-003
  1.0540000000000000e+003  1.6741900000000001e+000  2.0999999999999999e-003
  1.0550000000000000e+003  1.6741750000000000e+000  2.0999999999999999e-003
  1.0560000000000000e+003  1.6741600000000001e+000  2.0999999999999999e-003
  1.0570000000000000e+003  1.6741450000000000e+000  2.0999999999999999e-003
  1.0580000000000000e+003  1.6741300000000001e+000  2.0999999999999999e-003
  1.0590000000000000e+003  1.6741150000000000e+000  2.0999999999999999e-003
  1.0600000000000000e+003  1.6740999999999999e+000  2.0999999999999999e-003
  1.0610000000000000e+003  1.6740850000000000e+000  2.0999999999999999e-003
  1.0620000000000000e+003  1.6740699999999999e+000  2.0999999999999999e-003
  1.0630000000000000e+003  1.6740550000000001e+000  2.0999999999999999e-003
  1.0640000000000000e+003  1.6740400000000000e+000  2.0999999999999999e-003
  1.0650000000000000e+003  1.6740250000000001e+000  2.0999999999999999e-003
  1.0660000000000000e+003  1.6740100000000000e+000  2.0999999999999999e-003
  1.0670000000000000e+003  1.6739949999999999e+000  2.0999999999999999e-003
  1.0680000000000000e+003  1.6739800000000000e+000  2.0999999999999999e-003
  1.0690000000000000e+003  1.6739649999999999e+000  2.0999999999999999e-003
  1.0700000000000000e+003  1.6739500000000000e+000  2.0999999999999999e-003
  1.0710000000000000e+003  1.6739350000000000e+000  2.0999999999999999e-003
  1.0720000000000000e+003  1.6739200000000001e+000  2.0999999999999999e-003
  1.0730000000000000e+003  1.6739050000000000e+000  2.0999999999999999e-003
  1.0740000000000000e+003  1.6738900000000001e+000  2.0999999999999999e-003
  1.0750000000000000e+003  1.6738750000000000e+000  2.0999999999999999e-003
  1.0760000000000000e+003  1.6738599999999999e+000  2.0999999999999999e-003
  1.0770000000000000e+003  1.6738450000000000e+000  2.0999999999999999e-003
  1.0780000000000000e+003  1.6738299999999999e+000  2.0999999999999999e-003
  1.0790000000000000e+003  1.6738150000000001e+000  2.0999999999999999e-003
  1.0800000000000000e+003  1.6738000000000000e+000  2.0999999999999999e-003
  1.0810000000000000e+003  1.6737850000000001e+000  2.0999999999999999e-003
  1.0820000000000000e+003  1.6737700000000000e+000  2.0999999999999999e-003
  1.0830000000000000e+003  1.6737550000000001e+000  2.0999999999999999e-003
  1.0840000000000000e+003  1.6737400000000000e+000  2.0999999999999999e-003
  1.0850000000000000e+003  1.6737249999999999e+000  2.0999999999999999e-003
  1.0860000000000000e+003  1.6737100000000000e+000  2.0999999999999999e-003
  1.0870000000000000e+003  1.6736949999999999e+000  2.0999999999999999e-003
  1.0880000000000000e+003  1.6736800000000001e+000  2.0999999999999999e-003
  1.0890000000000000e+003  1.6736650000000000e+000  2.0999999999999999e-003
  1.0900000000000000e+003  1.6736500000000001e+000  2.0999999999999999e-003
  1.0910000000000000e+003  1.6736350000000000e+000  2.0999999999999999e-003
  1.0920000000000000e+003  1.6736199999999999e+000  2.0999999999999999e-003
  1.0930000000000000e+003  1.6736050000000000e+000  2.0999999999999999e-003
  1.0940000000000000e+003  1.6735899999999999e+000  2.0999999999999999e-003
  1.0950000000000000e+003  1.6735750000000000e+000  2.0999999999999999e-003
  1.0960000000000000e+003  1.6735599999999999e+000  2.0999999999999999e-003
  1.0970000000000000e+003  1.6735450000000001e+000  2.0999999999999999e-003
  1.0980000000000000e+003  1.6735300000000000e+000  2.0999999999999999e-003
  1.0990000000000000e+003  1.6735150000000001e+000  2.0999999999999999e-003
  1.1000000000000000e+003  1.6735000000000000e+000  2.0999999999999999e-003
  1.1010000000000000e+003  1.6734849999999999e+000  2.0999999999999999e-003
  1.1020000000000000e+003  1.6734700000000000e+000  2.0999999999999999e-003
  1.1030000000000000e+003  1.6734549999999999e+000  2.0999999999999999e-003
  1.1040000000000000e+003  1.6734400000000000e+000  2.0999999999999999e-003
  1.1050000000000000e+003  1.6734249999999999e+000  2.0999999999999999e-003
  1.1060000000000000e+003  1.6734100000000001e+000  2.0999999999999999e-003
  1.1070000000000000e+003  1.6733950000000000e+000  2.0999999999999999e-003
  1.1080000000000000e+003  1.6733800000000001e+000  2.0999999999999999e-003
  1.1090000000000000e+003  1.6733650000000000e+000  2.0999999999999999e-003
  1.1100000000000000e+003  1.6733499999999999e+000  2.0999999999999999e-003
  1.1110000000000000e+003  1.6733350000000000e+000  2.0999999999999999e-003
  1.1120000000000000e+003  1.6733199999999999e+000  2.0999999999999999e-003
  1.1130000000000000e+003  1.6733050000000000e+000  2.0999999999999999e-003
  1.1140000000000000e+003  1.6732899999999999e+000  2.0999999999999999e-003
  1.1150000000000000e+003  1.6732750000000001e+000  2.0999999999999999e-003
  1.1160000000000000e+003  1.6732600000000000e+000  2.0999999999999999e-003
  1.1170000000000000e+003  1.6732449999999999e+000  2.0999999999999999e-003
  1.1180000000000000e+003  1.6732300000000000e+000  2.0999999999999999e-003
  1.1190000000000000e+003  1.6732149999999999e+000  2.0999999999999999e-003
  1.1200000000000000e+003  1.6732000000000000e+000  2.0999999999999999e-003
  1.1210000000000000e+003  1.6731849999999999e+000  2.0999999999999999e-003
  1.1220000000000000e+003  1.6731700000000000e+000  2.0999999999999999e-003
  1.1230000000000000e+003  1.6731549999999999e+000  2.0999999999999999e-003
  1.1240000000000000e+003  1.6731400000000001e+000  2.0999999999999999e-003
  1.1250000000000000e+003  1.6731250000000000e+000  2.0999999999999999e-003
  1.1260000000000000e+003  1.6731099999999999e+000  2.0999999999999999e-003
  1.1270000000000000e+003  1.6730950000000000e+000  2.0999999999999999e-003
  1.1280000000000000e+003  1.6730799999999999e+000  2.0999999999999999e-003
  1.1290000000000000e+003  1.6730650000000000e+000  2.0999999999999999e-003
  1.1300000000000000e+003  1.6730499999999999e+000  2.0999999999999999e-003
  1.1310000000000000e+003  1.6730350000000000e+000  2.0999999999999999e-003
  1.1320000000000000e+003  1.6730200000000000e+000  2.0999999999999999e-003
  1.1330000000000000e+003  1.6730050000000001e+000  2.0999999999999999e-003
  1.1340000000000000e+003  1.6729900000000000e+000  2.0999999999999999e-003
  1.1350000000000000e+003  1.6729749999999999e+000  2.0999999999999999e-003
  1.1360000000000000e+003  1.6729600000000000e+000  2.0999999999999999e-003
  1.1370000000000000e+003  1.6729449999999999e+000  2.0999999999999999e-003
  1.1380000000000000e+003  1.6729300000000000e+000  2.0999999999999999e-003
  1.1390000000000000e+003  1.6729149999999999e+000  2.0999999999999999e-003
  1.1400000000000000e+003  1.6729000000000001e+000  2.0999999999999999e-003
  1.1410000000000000e+003  1.6728850000000000e+000  2.0999999999999999e-003
  1.1420000000000000e+003  1.6728699999999999e+000  2.0999999999999999e-003
  1.1430000000000000e+003  1.6728550000000000e+000  2.0999999999999999e-003
  1.1440000000000000e+003  1.6728399999999999e+000  2.0999999999999999e-003
  1.1450000000000000e+003  1.6728250000000000e+000  2.0999999999999999e-003
  1.1460000000000000e+003  1.6728099999999999e+000  2.0999999999999999e-003
  1.1470000000000000e+003  1.6727950000000000e+000  2.0999999999999999e-003
  1.1480000000000000e+003  1.6727799999999999e+000  2.0999999999999999e-003
  1.1490000000000000e+003  1.6727650000000001e+000  2.0999999999999999e-003
  1.1500000000000000e+003  1.6727500000000000e+000  2.0999999999999999e-003
  1.1510000000000000e+003  1.6727349999999999e+000  2.0999999999999999e-003
  1.1520000000000000e+003  1.6727200000000000e+000  2.0999999999999999e-003
  1.1530000000000000e+003  1.6727049999999999e+000  2.0999999999999999e-003
  1.1540000000000000e+003  1.6726900000000000e+000  2.0999999999999999e-003
  1.1550000000000000e+003  1.6726749999999999e+000  2.0999999999999999e-003
  1.1560000000000000e+003  1.6726600000000000e+000  2.0999999999999999e-003
  1.1570000000000000e+003  1.6726449999999999e+000  2.0999999999999999e-003
  1.1580000000000000e+003  1.6726300000000001e+000  2.0999999999999999e-003
  1.1590000000000000e+003  1.6726150000000000e+000  2.0999999999999999e-003
  1.1600000000000000e+003  1.6725999999999999e+000  2.0999999999999999e-003
  1.1610000000000000e+003  1.6725850000000000e+000  2.0999999999999999e-003
  1.1620000000000000e+003  1.6725699999999999e+000  2.0999999999999999e-003
  1.1630000000000000e+003  1.6725550000000000e+000  2.0999999999999999e-003
  1.1640000000000000e+003  1.6725399999999999e+000  2.0999999999999999e-003
  1.1650000000000000e+003  1.6725250000000000e+000  2.0999999999999999e-003
  1.1660000000000000e+003  1.6725099999999999e+000  2.0999999999999999e-003
  1.1670000000000000e+003  1.6724949999999998e+000  2.0999999999999999e-003
  1.1680000000000000e+003  1.6724800000000000e+000  2.0999999999999999e-003
  1.1690000000000000e+003  1.6724649999999999e+000  2.0999999999999999e-003
  1.1700000000000000e+003  1.6724500000000000e+000  2.0999999999999999e-003
  1.1710000000000000e+003  1.6724349999999999e+000  2.0999999999999999e-003
  1.1720000000000000e+003  1.6724200000000000e+000  2.0999999999999999e-003
  1.1730000000000000e+003  1.6724049999999999e+000  2.0999999999999999e-003
  1.1740000000000000e+003  1.6723900000000000e+000  2.0999999999999999e-003
  1.1750000000000000e+003  1.6723749999999999e+000  2.0999999999999999e-003
  1.1760000000000000e+003  1.6723599999999998e+000  2.0999999999999999e-003
  1.1770000000000000e+003  1.6723450000000000e+000  2.0999999999999999e-003
  1.1780000000000000e+003  1.6723299999999999e+000  2.0999999999999999e-003
  1.1790000000000000e+003  1.6723150000000000e+000  2.0999999999999999e-003
  1.1800000000000000e+003  1.6722999999999999e+000  2.0999999999999999e-003
  1.1810000000000000e+003  1.6722850000000000e+000  2.0999999999999999e-003
  1.1820000000000000e+003  1.6722699999999999e+000  2.0999999999999999e-003
  1.1830000000000000e+003  1.6722550000000000e+000  2.0999999999999999e-003
  1.1840000000000000e+003  1.6722399999999999e+000  2.0999999999999999e-003
  1.1850000000000000e+003  1.6722249999999999e+000  2.0999999999999999e-003
  1.1860000000000000e+003  1.6722100000000000e+000  2.0999999999999999e-003
  1.1870000000000000e+003  1.6721949999999999e+000  2.0999999999999999e-003
  1.1880000000000000e+003  1.6721800000000000e+000  2.0999999999999999e-003
  1.1890000000000000e+003  1.6721649999999999e+000  2.0999999999999999e-003
  1.1900000000000000e+003  1.6721500000000000e+000  2.0999999999999999e-003
  1.1910000000000000e+003  1.6721349999999999e+000  2.0999999999999999e-003
  1.1920000000000000e+003  1.6721199999999998e+000  2.0999999999999999e-003
  1.1930000000000000e+003  1.6721050000000000e+000  2.0999999999999999e-003
  1.1940000000000000e+003  1.6720899999999999e+000  2.0999999999999999e-003
  1.1950000000000000e+003  1.6720750000000000e+000  2.0999999999999999e-003
  1.1960000000000000e+003  1.6720599999999999e+000  2.0999999999999999e-003
  1.1970000000000000e+003  1.6720450000000000e+000  2.0999999999999999e-003
  1.1980000000000000e+003  1.6720299999999999e+000  2.0999999999999999e-003
  1.1990000000000000e+003  1.6720150000000000e+000  2.0999999999999999e-003
  1.2000000000000000e+003  1.6719999999999999e+000  2.0999999999999999e-003
