   3.5000000e+02   2.4730000e+00   4.4800000e-02
   3.6000000e+02   2.3810000e+00   3.1800000e-02
   3.7000000e+02   2.3190000e+00   2.4300000e-02
   3.8000000e+02   2.2730000e+00   1.9600000e-02
   3.9000000e+02   2.2390000e+00   1.6300000e-02
   4.0000000e+02   2.2120000e+00   1.4000000e-02
   4.1000000e+02   2.1900000e+00   1.2300000e-02
   4.2000000e+02   2.1720000e+00   1.1000000e-02
   4.3000000e+02   2.1570000e+00   9.9300000e-03
   4.4000000e+02   2.1440000e+00   9.0700000e-03
   4.5000000e+02   2.1330000e+00   8.3700000e-03
   4.6000000e+02   2.1240000e+00   7.7800000e-03
   4.7000000e+02   2.1160000e+00   7.2700000e-03
   4.8000000e+02   2.1090000e+00   6.8400000e-03
   4.9000000e+02   2.1020000e+00   6.4600000e-03
   5.0000000e+02   2.0960000e+00   6.1300000e-03
   5.1000000e+02   2.0910000e+00   5.8400000e-03
   5.2000000e+02   2.0860000e+00   5.5800000e-03
   5.3000000e+02   2.0820000e+00   5.3400000e-03
   5.4000000e+02   2.0780000e+00   5.1300000e-03
   5.5000000e+02   2.0750000e+00   4.9300000e-03
   5.6000000e+02   2.0720000e+00   4.7600000e-03
   5.7000000e+02   2.0690000e+00   4.5900000e-03
   5.8000000e+02   2.0660000e+00   4.4400000e-03
   5.9000000e+02   2.0630000e+00   4.3100000e-03
   6.0000000e+02   2.0610000e+00   4.1800000e-03
   6.1000000e+02   2.0590000e+00   4.0600000e-03
   6.2000000e+02   2.0570000e+00   3.9500000e-03
   6.3000000e+02   2.0550000e+00   3.8400000e-03
   6.4000000e+02   2.0530000e+00   3.7400000e-03
   6.5000000e+02   2.0510000e+00   3.6500000e-03
   6.6000000e+02   2.0500000e+00   3.5600000e-03
   6.7000000e+02   2.0480000e+00   3.4800000e-03
   6.8000000e+02   2.0470000e+00   3.4000000e-03
   6.9000000e+02   2.0460000e+00   3.3300000e-03
   7.0000000e+02   2.0440000e+00   3.2600000e-03
   7.1000000e+02   2.0430000e+00   3.1900000e-03
   7.2000000e+02   2.0420000e+00   3.1300000e-03
   7.3000000e+02   2.0410000e+00   3.0600000e-03
   7.4000000e+02   2.0400000e+00   3.0100000e-03
   7.5000000e+02   2.0390000e+00   2.9500000e-03
   7.6000000e+02   2.0380000e+00   2.9000000e-03
   7.7000000e+02   2.0370000e+00   2.8400000e-03
   7.8000000e+02   2.0360000e+00   2.7900000e-03
   7.9000000e+02   2.0360000e+00   2.7500000e-03
   8.0000000e+02   2.0350000e+00   2.7000000e-03
   8.1000000e+02   2.0340000e+00   2.6600000e-03
   8.2000000e+02   2.0330000e+00   2.6100000e-03
   8.3000000e+02   2.0330000e+00   2.5700000e-03
   8.4000000e+02   2.0320000e+00   2.5300000e-03
   8.5000000e+02   2.0320000e+00   2.5000000e-03
   8.6000000e+02   2.0310000e+00   2.4600000e-03
   8.7000000e+02   2.0300000e+00   2.4200000e-03
   8.8000000e+02   2.0300000e+00   2.3900000e-03
   8.9000000e+02   2.0290000e+00   2.3600000e-03
   9.0000000e+02   2.0290000e+00   2.3200000e-03
   9.1000000e+02   2.0280000e+00   2.2900000e-03
   9.2000000e+02   2.0280000e+00   2.2600000e-03
   9.3000000e+02   2.0280000e+00   2.2300000e-03
   9.4000000e+02   2.0270000e+00   2.2000000e-03
   9.5000000e+02   2.0267459e+00   2.1714568e-03
   9.6000000e+02   2.0263754e+00   2.1449678e-03
   9.7000000e+02   2.0260132e+00   2.1189992e-03
   9.8000000e+02   2.0256595e+00   2.0935510e-03
   9.9000000e+02   2.0253141e+00   2.0686231e-03
   1.0000000e+03   2.0249771e+00   2.0442156e-03
   1.0100000e+03   2.0246485e+00   2.0203284e-03
   1.0200000e+03   2.0243282e+00   1.9969617e-03
   1.0300000e+03   2.0240164e+00   1.9741153e-03
   1.0400000e+03   2.0237129e+00   1.9517893e-03
   1.0500000e+03   2.0234178e+00   1.9299837e-03
   1.0600000e+03   2.0231311e+00   1.9086984e-03
   1.0700000e+03   2.0228527e+00   1.8879335e-03
   1.0800000e+03   2.0225828e+00   1.8676890e-03
   1.0900000e+03   2.0223212e+00   1.8479648e-03
   1.1000000e+03   2.0220680e+00   1.8287610e-03
   1.1100000e+03   2.0218232e+00   1.8100776e-03
   1.1200000e+03   2.0215867e+00   1.7919146e-03
   1.1300000e+03   2.0213587e+00   1.7742719e-03
   1.1400000e+03   2.0211390e+00   1.7571496e-03
   1.1500000e+03   2.0209277e+00   1.7405477e-03
   1.1510000e+03   2.0209071e+00   1.7389161e-03
   1.1520000e+03   2.0208865e+00   1.7372898e-03
   1.1530000e+03   2.0208660e+00   1.7356686e-03
   1.1540000e+03   2.0208456e+00   1.7340526e-03
   1.1550000e+03   2.0208252e+00   1.7324419e-03
   1.1560000e+03   2.0208050e+00   1.7308363e-03
   1.1570000e+03   2.0207848e+00   1.7292360e-03
   1.1580000e+03   2.0207647e+00   1.7276408e-03
   1.1590000e+03   2.0207447e+00   1.7260509e-03
   1.1600000e+03   2.0207248e+00   1.7244662e-03
   1.1610000e+03   2.0207050e+00   1.7228866e-03
   1.1620000e+03   2.0206852e+00   1.7213123e-03
   1.1630000e+03   2.0206656e+00   1.7197432e-03
   1.1640000e+03   2.0206460e+00   1.7181793e-03
   1.1650000e+03   2.0206265e+00   1.7166205e-03
   1.1660000e+03   2.0206071e+00   1.7150670e-03
   1.1670000e+03   2.0205878e+00   1.7135187e-03
   1.1680000e+03   2.0205685e+00   1.7119756e-03
   1.1690000e+03   2.0205494e+00   1.7104377e-03
   1.1700000e+03   2.0205303e+00   1.7089050e-03
   1.1710000e+03   2.0205113e+00   1.7073775e-03
   1.1720000e+03   2.0204924e+00   1.7058552e-03
   1.1730000e+03   2.0204736e+00   1.7043381e-03
   1.1740000e+03   2.0204548e+00   1.7028262e-03
   1.1750000e+03   2.0204362e+00   1.7013195e-03
   1.1760000e+03   2.0204176e+00   1.6998181e-03
   1.1770000e+03   2.0203991e+00   1.6983218e-03
   1.1780000e+03   2.0203807e+00   1.6968307e-03
   1.1790000e+03   2.0203624e+00   1.6953448e-03
   1.1800000e+03   2.0203441e+00   1.6938642e-03
   1.1810000e+03   2.0203260e+00   1.6923887e-03
   1.1820000e+03   2.0203079e+00   1.6909185e-03
   1.1830000e+03   2.0202899e+00   1.6894534e-03
   1.1840000e+03   2.0202720e+00   1.6879936e-03
   1.1850000e+03   2.0202542e+00   1.6865389e-03
   1.1860000e+03   2.0202365e+00   1.6850895e-03
   1.1870000e+03   2.0202188e+00   1.6836452e-03
   1.1880000e+03   2.0202012e+00   1.6822062e-03
   1.1890000e+03   2.0201838e+00   1.6807724e-03
   1.1900000e+03   2.0201664e+00   1.6793438e-03
   1.1910000e+03   2.0201490e+00   1.6779203e-03
   1.1920000e+03   2.0201318e+00   1.6765021e-03
   1.1930000e+03   2.0201147e+00   1.6750891e-03
   1.1940000e+03   2.0200976e+00   1.6736813e-03
   1.1950000e+03   2.0200806e+00   1.6722787e-03
   1.1960000e+03   2.0200637e+00   1.6708813e-03
   1.1970000e+03   2.0200469e+00   1.6694891e-03
   1.1980000e+03   2.0200302e+00   1.6681021e-03
   1.1990000e+03   2.0200135e+00   1.6667203e-03
   1.2000000e+03   2.0199970e+00   1.6653437e-03
