200 1.74003 0.8490388
201 1.73696 0.8644391
202 1.73435 0.880019
203 1.73219 0.8957711
204 1.73049 0.911687
205 1.72926 0.9277583
206 1.7285  0.9439767
207 1.72821 0.9603338
208 1.72839 0.9768208
209 1.72905 0.9934289
210 1.7302  1.010149
211 1.73183 1.026973
212 1.73395 1.04389
213 1.73656 1.060893
214 1.73967 1.077972
215 1.74328 1.095117
216 1.74739 1.112319
217 1.75201 1.129569
218 1.75714 1.146857
219 1.76278 1.164174
220 1.76894 1.181509
221 1.77562 1.198854
222 1.78283 1.216196
223 1.79056 1.233528
224 1.79883 1.250837
225 1.80763 1.268113
226 1.81697 1.285346
227 1.82685 1.302523
228 1.83729 1.319634
229 1.84827 1.336667
230 1.85982 1.353609
231 1.87193 1.370447
232 1.8846  1.387169
233 1.89785 1.403759
234 1.91167 1.420205
235 1.92608 1.436491
236 1.94107 1.452602
237 1.95665 1.468521
238 1.97283 1.484232
239 1.98961 1.499715
240 2.00699 1.514954
241 2.02498 1.529929
242 2.04358 1.544618
243 2.0628  1.559001
244 2.08264 1.573055
245 2.1031  1.586757
246 2.12418 1.600082
247 2.14589 1.613005
248 2.16822 1.625499
249 2.19117 1.637537
250 2.21474 1.649089
251 2.23893 1.660125
252 2.26374 1.670614
253 2.28915 1.680524
254 2.31516 1.689822
255 2.34176 1.698473
256 2.36894 1.706443
257 2.39669 1.713695
258 2.42498 1.720192
259 2.4538  1.725899
260 2.48314 1.730775
261 2.51295 1.734786
262 2.54323 1.737891
263 2.57393 1.740055
264 2.60502 1.741239
265 2.63647 1.741408
266 2.66823 1.740527
267 2.70027 1.738562
268 2.73253 1.735481
269 2.76497 1.731255
270 2.79752 1.725857
271 2.83014 1.719263
272 2.86275 1.711453
273 2.89531 1.70241
274 2.92773 1.692121
275 2.95995 1.68058
276 2.99191 1.667782
277 3.02352 1.653732
278 3.05472 1.638437
279 3.08544 1.621911
280 3.11559 1.604174
281 3.14511 1.58525
282 3.17392 1.565173
283 3.20196 1.54398
284 3.22916 1.521715
285 3.25545 1.498425
286 3.28078 1.474167
287 3.30509 1.448998
288 3.32834 1.422982
289 3.35046 1.396185
290 3.37144 1.368679
291 3.39123 1.340536
292 3.4098  1.311832
293 3.42715 1.282642
294 3.44324 1.253043
295 3.45807 1.223112
296 3.47165 1.192925
297 3.48397 1.162557
298 3.49505 1.132081
299 3.5049  1.101568
300 3.51354 1.071086
301 3.52099 1.0407
302 3.52728 1.010471
303 3.53245 0.9804566
304 3.53653 0.9507102
305 3.53955 0.9212819
306 3.54157 0.8922169
307 3.54261 0.8635567
308 3.54273 0.8353383
309 3.54197 0.8075948
310 3.54037 0.7803559
311 3.53797 0.7536455
312 3.53483 0.7274857
313 3.53099 0.7018943
314 3.52649 0.6768864
315 3.52138 0.6524734
316 3.51569 0.628664
317 3.50947 0.6054647
318 3.50276 0.5828779
319 3.49559 0.5609056
320 3.48801 0.539547
321 3.48004 0.5187995
322 3.47173 0.4986591
323 3.46309 0.4791199
324 3.45418 0.4601752
325 3.445   0.4418173
326 3.4356  0.4240364
327 3.42599 0.4068229
328 3.4162  0.3901664
329 3.40626 0.3740558
330 3.39618 0.3584795
331 3.38598 0.3434256
332 3.37569 0.3288819
333 3.36532 0.3148363
334 3.35488 0.3012755
335 3.3444  0.2881872
336 3.33388 0.2755588
337 3.32334 0.2633777
338 3.31279 0.2516315
339 3.30225 0.2403076
340 3.29171 0.2293938
341 3.2812  0.2188784
342 3.27072 0.2087488
343 3.26028 0.1989938
344 3.24989 0.1896019
345 3.23954 0.1805619
346 3.22926 0.171863
347 3.21904 0.1634944
348 3.20889 0.1554458
349 3.19882 0.1477074
350 3.18882 0.1402688
351 3.17891 0.1331208
352 3.16908 0.126254
353 3.15935 0.1196596
354 3.1497  0.1133288
355 3.14015 0.1072531
356 3.13069 0.1014246
357 3.12134 0.09583502
358 3.11208 0.09047683
359 3.10292 0.08534265
360 3.09387 0.08042534
361 3.08492 0.07571798
362 3.07608 0.07121385
363 3.06734 0.06690652
364 3.0587  0.06278986
365 3.05018 0.0588576
366 3.04176 0.05510405
367 3.03345 0.05152358
368 3.02525 0.04811079
369 3.01715 0.04486041
370 3.00916 0.04176741
371 3.00129 0.03882692
372 2.99351 0.03603428
373 2.98585 0.03338481
374 2.9783  0.03087419
375 2.97085 0.0284982
376 2.96351 0.02625274
377 2.95627 0.02413387
378 2.94915 0.02213779
379 2.94213 0.02026081
380 2.93522 0.01849943
381 2.92841 0.01685013
382 2.92171 0.01530964
383 2.91512 0.01387478
384 2.90863 0.01254243
385 2.90225 0.01130964
386 2.89597 0.0101735
387 2.8898  0.009131234
388 2.88373 0.008180174
389 2.87777 0.007317658
390 2.87192 0.006541197
391 2.86617 0.005848353
392 2.86053 0.005236771
393 2.855   0.004704169
394 2.84958 0.004248339
395 2.84427 0.003867142
396 2.83908 0.003558514
397 2.834   0.003320429
398 2.82904 0.003150948
399 2.82421 0.003048179
400 2.81953 0.003004976
401 2.81501 0.002973086
402 2.81061 0.002941341
403 2.80632 0.002909754
404 2.80213 0.002878334
405 2.79803 0.002847089
406 2.79403 0.002816024
407 2.7901  0.002785145
408 2.78626 0.002754454
409 2.78249 0.002723955
410 2.7788  0.002693651
411 2.77517 0.002663544
412 2.77162 0.002633636
413 2.76813 0.002603928
414 2.76469 0.002574423
415 2.76132 0.002545121
416 2.75801 0.002516023
417 2.75476 0.002487131
418 2.75155 0.002458445
419 2.74841 0.002429967
420 2.74531 0.002401694
421 2.74226 0.002373629
422 2.73926 0.002345772
423 2.73631 0.002318123
424 2.7334  0.002290682
425 2.73054 0.002263449
426 2.72772 0.002236424
427 2.72494 0.002209607
428 2.7222  0.002182997
429 2.7195  0.002156594
430 2.71684 0.002130398
431 2.71422 0.002104409
432 2.71164 0.002078625
433 2.70909 0.002053048
434 2.70658 0.002027676
435 2.7041  0.002002509
436 2.70166 0.001977546
437 2.69924 0.001952786
438 2.69687 0.001928229
439 2.69452 0.001903875
440 2.6922  0.001879722
441 2.68991 0.00185577
442 2.68766 0.001832018
443 2.68543 0.001808466
444 2.68323 0.001785112
445 2.68105 0.001761956
446 2.67891 0.001738997
447 2.67679 0.001716235
448 2.6747  0.001693668
449 2.67263 0.001671296
450 2.67059 0.001649118
451 2.66857 0.001627132
452 2.66657 0.001605339
453 2.6646  0.001583737
454 2.66266 0.001562325
455 2.66073 0.001541103
456 2.65883 0.001520069
457 2.65695 0.001499223
458 2.65509 0.001478565
459 2.65325 0.001458091
460 2.65144 0.001437803
461 2.64964 0.001417699
462 2.64786 0.001397778
463 2.64611 0.001378039
464 2.64437 0.001358481
465 2.64265 0.001339104
466 2.64095 0.001319906
467 2.63927 0.001300887
468 2.63761 0.001282045
469 2.63596 0.00126338
470 2.63433 0.001244891
471 2.63272 0.001226576
472 2.63113 0.001208436
473 2.62955 0.001190468
474 2.62799 0.001172672
475 2.62644 0.001155048
476 2.62491 0.001137593
477 2.6234  0.001120308
478 2.6219  0.001103192
479 2.62042 0.001086242
480 2.61895 0.001069459
481 2.61749 0.001052842
482 2.61605 0.001036389
483 2.61463 0.0010201
484 2.61322 0.001003974
485 2.61182 0.00098801
486 2.61043 0.000972207
487 2.60906 0.000956564
488 2.60771 0.000941081
489 2.60636 0.000925756
490 2.60503 0.000910588
491 2.60371 0.000895577
492 2.6024  0.000880722
493 2.60111 0.000866022
494 2.59983 0.000851476
495 2.59856 0.000837083
496 2.5973  0.000822842
497 2.59605 0.000808752
498 2.59481 0.000794813
499 2.59359 0.000781024
500 2.59238 0.000767384
501 2.59117 0.000753892
502 2.58998 0.000740547
503 2.5888  0.000727348
504 2.58763 0.000714295
505 2.58647 0.000701386
506 2.58532 0.000688622
507 2.58418 0.000676001
508 2.58305 0.000663522
509 2.58193 0.000651185
510 2.58082 0.000638988
511 2.57972 0.000626931
512 2.57863 0.000615013
513 2.57754 0.000603234
514 2.57647 0.000591591
515 2.57541 0.000580086
516 2.57435 0.000568717
517 2.57331 0.000557483
518 2.57227 0.000546383
519 2.57124 0.000535417
520 2.57022 0.000524584
521 2.56921 0.000513884
522 2.56821 0.000503314
523 2.56721 0.000492876
524 2.56623 0.000482567
525 2.56525 0.000472388
526 2.56428 0.000462338
527 2.56331 0.000452414
528 2.56236 0.000442618
529 2.56141 0.000432949
530 2.56047 0.000423405
531 2.55954 0.000413986
532 2.55862 0.000404691
533 2.5577  0.00039552
534 2.55679 0.000386472
535 2.55588 0.000377546
536 2.55499 0.000368741
537 2.5541  0.000360057
538 2.55322 0.000351494
539 2.55234 0.000343049
540 2.55147 0.000334725
541 2.55061 0.000326517
542 2.54976 0.000318428
543 2.54891 0.000310455
544 2.54806 0.000302599
545 2.54723 0.000294858
546 2.5464  0.000287232
547 2.54557 0.00027972
548 2.54476 0.000272322
549 2.54395 0.000265037
550 2.54314 0.000257864
551 2.54234 0.000250803
552 2.54155 0.000243854
553 2.54076 0.000237015
554 2.53998 0.000230286
555 2.5392  0.000223666
556 2.53843 0.000217156
557 2.53767 0.000210753
558 2.53691 0.000204458
559 2.53616 0.00019827
560 2.53541 0.000192188
561 2.53466 0.000186212
562 2.53393 0.000180342
563 2.5332  0.000174576
564 2.53247 0.000168915
565 2.53175 0.000163357
566 2.53103 0.000157902
567 2.53032 0.000152549
568 2.52961 0.000147299
569 2.52891 0.000142149
570 2.52821 0.000137101
571 2.52752 0.000132153
572 2.52683 0.000127305
573 2.52615 0.000122556
574 2.52547 0.000117906
575 2.5248  0.000113354
576 2.52413 0.000108899
577 2.52347 0.000104542
578 2.52281 0.000100281
579 2.52215 9.61E-05
580 2.5215  9.20E-05
581 2.52086 8.81E-05
582 2.52022 8.42E-05
583 2.51958 8.04E-05
584 2.51895 7.67E-05
585 2.51832 7.31E-05
586 2.51769 6.96E-05
587 2.51707 6.62E-05
588 2.51646 6.29E-05
589 2.51584 5.96E-05
590 2.51524 5.65E-05
591 2.51463 5.35E-05
592 2.51403 5.05E-05
593 2.51344 4.76E-05
594 2.51284 4.48E-05
595 2.51226 4.21E-05
596 2.51167 3.95E-05
597 2.51109 3.70E-05
598 2.51051 3.46E-05
599 2.50994 3.22E-05
600 2.50937 3.00E-05
601 2.5088  2.78E-05
602 2.50824 2.57E-05
603 2.50768 2.37E-05
604 2.50713 2.18E-05
605 2.50658 2.00E-05
606 2.50603 1.82E-05
607 2.50548 1.66E-05
608 2.50494 1.50E-05
609 2.5044  1.35E-05
610 2.50387 1.20E-05
611 2.50334 1.07E-05
612 2.50281 9.45E-06
613 2.50229 8.27E-06
614 2.50177 7.17E-06
615 2.50125 6.15E-06
616 2.50073 5.21E-06
617 2.50022 4.36E-06
618 2.49971 3.57E-06
619 2.49921 2.87E-06
620 2.49871 2.25E-06
621 2.49821 1.70E-06
622 2.49771 1.23E-06
623 2.49722 8.35E-07
624 2.49673 5.17E-07
625 2.49624 2.76E-07
626 2.49576 1.10E-07
627 2.49528 1.91E-08
628 2.4948  0
629 2.49432 0
630 2.49385 0
631 2.49338 0
632 2.49292 0
633 2.49245 0
634 2.49199 0
635 2.49154 0
636 2.49108 0
637 2.49063 0
638 2.49018 0
639 2.48973 0
640 2.48929 0
641 2.48885 0
642 2.48841 0
643 2.48797 0
644 2.48754 0
645 2.4871  0
646 2.48668 0
647 2.48625 0
648 2.48582 0
649 2.4854  0
650 2.48498 0
651 2.48457 0
652 2.48415 0
653 2.48374 0
654 2.48333 0
655 2.48292 0
656 2.48252 0
657 2.48211 0
658 2.48171 0
659 2.48132 0
660 2.48092 0
661 2.48053 0
662 2.48013 0
663 2.47974 0
664 2.47936 0
665 2.47897 0
666 2.47859 0
667 2.47821 0
668 2.47783 0
669 2.47745 0
670 2.47708 0
671 2.47671 0
672 2.47633 0
673 2.47597 0
674 2.4756  0
675 2.47523 0
676 2.47487 0
677 2.47451 0
678 2.47415 0
679 2.4738  0
680 2.47344 0
681 2.47309 0
682 2.47274 0
683 2.47239 0
684 2.47204 0
685 2.47169 0
686 2.47135 0
687 2.47101 0
688 2.47067 0
689 2.47033 0
690 2.46999 0
691 2.46966 0
692 2.46932 0
693 2.46899 0
694 2.46866 0
695 2.46834 0
696 2.46801 0
697 2.46768 0
698 2.46736 0
699 2.46704 0
700 2.46672 0
701 2.4664  0
702 2.46609 0
703 2.46577 0
704 2.46546 0
705 2.46515 0
706 2.46484 0
707 2.46453 0
708 2.46422 0
709 2.46392 0
710 2.46361 0
711 2.46331 0
712 2.46301 0
713 2.46271 0
714 2.46241 0
715 2.46212 0
716 2.46182 0
717 2.46153 0
718 2.46124 0
719 2.46095 0
720 2.46066 0
721 2.46037 0
722 2.46008 0
723 2.4598  0
724 2.45951 0
725 2.45923 0
726 2.45895 0
727 2.45867 0
728 2.45839 0
729 2.45812 0
730 2.45784 0
731 2.45757 0
732 2.4573  0
733 2.45702 0
734 2.45675 0
735 2.45649 0
736 2.45622 0
737 2.45595 0
738 2.45569 0
739 2.45542 0
740 2.45516 0
741 2.4549  0
742 2.45464 0
743 2.45438 0
744 2.45412 0
745 2.45387 0
746 2.45361 0
747 2.45336 0
748 2.45311 0
749 2.45285 0
750 2.4526  0
751 2.45235 0
752 2.45211 0
753 2.45186 0
754 2.45161 0
755 2.45137 0
756 2.45113 0
757 2.45088 0
758 2.45064 0
759 2.4504  0
760 2.45016 0
761 2.44993 0
762 2.44969 0
763 2.44945 0
764 2.44922 0
765 2.44898 0
766 2.44875 0
767 2.44852 0
768 2.44829 0
769 2.44806 0
770 2.44783 0
771 2.4476  0
772 2.44738 0
773 2.44715 0
774 2.44693 0
775 2.4467  0
776 2.44648 0
777 2.44626 0
778 2.44604 0
779 2.44582 0
780 2.4456  0
781 2.44538 0
782 2.44517 0
783 2.44495 0
784 2.44474 0
785 2.44452 0
786 2.44431 0
787 2.4441  0
788 2.44389 0
789 2.44368 0
790 2.44347 0
791 2.44326 0
792 2.44305 0
793 2.44285 0
794 2.44264 0
795 2.44244 0
796 2.44223 0
797 2.44203 0
798 2.44183 0
799 2.44163 0
800 2.44143 0
801 2.44123 0
802 2.44103 0
803 2.44083 0
804 2.44063 0
805 2.44044 0
806 2.44024 0
807 2.44005 0
808 2.43985 0
809 2.43966 0
810 2.43947 0
811 2.43928 0
812 2.43909 0
813 2.4389  0
814 2.43871 0
815 2.43852 0
816 2.43833 0
817 2.43815 0
818 2.43796 0
819 2.43778 0
820 2.43759 0
821 2.43741 0
822 2.43723 0
823 2.43705 0
824 2.43686 0
825 2.43668 0
826 2.4365  0
827 2.43633 0
828 2.43615 0
829 2.43597 0
830 2.43579 0
831 2.43562 0
832 2.43544 0
833 2.43527 0
834 2.43509 0
835 2.43492 0
836 2.43475 0
837 2.43458 0
838 2.43441 0
839 2.43424 0
840 2.43407 0
841 2.4339  0
842 2.43373 0
843 2.43356 0
844 2.43339 0
845 2.43323 0
846 2.43306 0
847 2.4329  0
848 2.43273 0
849 2.43257 0
850 2.4324  0
851 2.43224 0
852 2.43208 0
853 2.43192 0
854 2.43176 0
855 2.4316  0
856 2.43144 0
857 2.43128 0
858 2.43112 0
859 2.43097 0
860 2.43081 0
861 2.43065 0
862 2.4305  0
863 2.43034 0
864 2.43019 0
865 2.43003 0
866 2.42988 0
867 2.42973 0
868 2.42958 0
869 2.42943 0
870 2.42927 0
871 2.42912 0
872 2.42897 0
873 2.42883 0
874 2.42868 0
875 2.42853 0
876 2.42838 0
877 2.42823 0
878 2.42809 0
879 2.42794 0
880 2.4278  0
881 2.42765 0
882 2.42751 0
883 2.42736 0
884 2.42722 0
885 2.42708 0
886 2.42694 0
887 2.4268  0
888 2.42666 0
889 2.42651 0
890 2.42637 0
891 2.42624 0
892 2.4261  0
893 2.42596 0
894 2.42582 0
895 2.42568 0
896 2.42555 0
897 2.42541 0
898 2.42527 0
899 2.42514 0
900 2.425   0
901 2.42487 0
902 2.42474 0
903 2.4246  0
904 2.42447 0
905 2.42434 0
906 2.42421 0
907 2.42408 0
908 2.42394 0
909 2.42381 0
910 2.42368 0
911 2.42355 0
912 2.42343 0
913 2.4233  0
914 2.42317 0
915 2.42304 0
916 2.42291 0
917 2.42279 0
918 2.42266 0
919 2.42254 0
920 2.42241 0
921 2.42229 0
922 2.42216 0
923 2.42204 0
924 2.42191 0
925 2.42179 0
926 2.42167 0
927 2.42155 0
928 2.42142 0
929 2.4213  0
930 2.42118 0
931 2.42106 0
932 2.42094 0
933 2.42082 0
934 2.4207  0
935 2.42058 0
936 2.42047 0
937 2.42035 0
938 2.42023 0
939 2.42011 0
940 2.42    0
941 2.41988 0
942 2.41976 0
943 2.41965 0
944 2.41953 0
945 2.41942 0
946 2.4193  0
947 2.41919 0
948 2.41908 0
949 2.41896 0
950 2.41885 0
951 2.41874 0
952 2.41863 0
953 2.41852 0
954 2.4184  0
955 2.41829 0
956 2.41818 0
957 2.41807 0
958 2.41796 0
959 2.41785 0
960 2.41775 0
961 2.41764 0
962 2.41753 0
963 2.41742 0
964 2.41731 0
965 2.41721 0
966 2.4171  0
967 2.41699 0
968 2.41689 0
969 2.41678 0
970 2.41668 0
971 2.41657 0
972 2.41647 0
973 2.41636 0
974 2.41626 0
975 2.41615 0
976 2.41605 0
977 2.41595 0
978 2.41585 0
979 2.41574 0
980 2.41564 0
981 2.41554 0
982 2.41544 0
983 2.41534 0
984 2.41524 0
985 2.41514 0
986 2.41504 0
987 2.41494 0
988 2.41484 0
989 2.41474 0
990 2.41464 0
991 2.41454 0
992 2.41445 0
993 2.41435 0
994 2.41425 0
995 2.41415 0
996 2.41406 0
997 2.41396 0
998 2.41387 0
999 2.41377 0
1000    2.41367 0
1001    2.41358 0
1002    2.41349 0
1003    2.41339 0
1004    2.4133  0
1005    2.4132  0
1006    2.41311 0
1007    2.41302 0
1008    2.41292 0
1009    2.41283 0
1010    2.41274 0
1011    2.41265 0
1012    2.41255 0
1013    2.41246 0
1014    2.41237 0
1015    2.41228 0
1016    2.41219 0
1017    2.4121  0
1018    2.41201 0
1019    2.41192 0
1020    2.41183 0
1021    2.41174 0
1022    2.41165 0
1023    2.41156 0
1024    2.41148 0
1025    2.41139 0
1026    2.4113  0
1027    2.41121 0
1028    2.41113 0
1029    2.41104 0
1030    2.41095 0
1031    2.41087 0
1032    2.41078 0
1033    2.41069 0
1034    2.41061 0
1035    2.41052 0
1036    2.41044 0
1037    2.41035 0
1038    2.41027 0
1039    2.41018 0
1040    2.4101  0
1041    2.41002 0
1042    2.40993 0
1043    2.40985 0
1044    2.40977 0
1045    2.40968 0
1046    2.4096  0
1047    2.40952 0
1048    2.40944 0
1049    2.40936 0
1050    2.40928 0
1051    2.40919 0
1052    2.40911 0
1053    2.40903 0
1054    2.40895 0
1055    2.40887 0
1056    2.40879 0
1057    2.40871 0
1058    2.40863 0
1059    2.40855 0
1060    2.40847 0
1061    2.4084  0
1062    2.40832 0
1063    2.40824 0
1064    2.40816 0
1065    2.40808 0
1066    2.40801 0
1067    2.40793 0
1068    2.40785 0
1069    2.40777 0
1070    2.4077  0
1071    2.40762 0
1072    2.40755 0
1073    2.40747 0
1074    2.40739 0
1075    2.40732 0
1076    2.40724 0
1077    2.40717 0
1078    2.40709 0
1079    2.40702 0
1080    2.40694 0
1081    2.40687 0
1082    2.4068  0
1083    2.40672 0
1084    2.40665 0
1085    2.40658 0
1086    2.4065  0
1087    2.40643 0
1088    2.40636 0
1089    2.40628 0
1090    2.40621 0
1091    2.40614 0
1092    2.40607 0
1093    2.406   0
1094    2.40593 0
1095    2.40585 0
1096    2.40578 0
1097    2.40571 0
1098    2.40564 0
1099    2.40557 0
1100    2.4055  0
1101    2.40543 0
1102    2.40536 0
1103    2.40529 0
1104    2.40522 0
1105    2.40515 0
1106    2.40509 0
1107    2.40502 0
1108    2.40495 0
1109    2.40488 0
1110    2.40481 0
1111    2.40474 0
1112    2.40468 0
1113    2.40461 0
1114    2.40454 0
1115    2.40447 0
1116    2.40441 0
1117    2.40434 0
1118    2.40427 0
1119    2.40421 0
1120    2.40414 0
1121    2.40408 0
1122    2.40401 0
1123    2.40394 0
1124    2.40388 0
1125    2.40381 0
1126    2.40375 0
1127    2.40368 0
1128    2.40362 0
1129    2.40355 0
1130    2.40349 0
1131    2.40343 0
1132    2.40336 0
1133    2.4033  0
1134    2.40323 0
1135    2.40317 0
1136    2.40311 0
1137    2.40304 0
1138    2.40298 0
1139    2.40292 0
1140    2.40286 0
1141    2.40279 0
1142    2.40273 0
1143    2.40267 0
1144    2.40261 0
1145    2.40255 0
1146    2.40248 0
1147    2.40242 0
1148    2.40236 0
1149    2.4023  0
1150    2.40224 0
1151    2.40218 0
1152    2.40212 0
1153    2.40206 0
1154    2.402   0
1155    2.40194 0
1156    2.40188 0
1157    2.40182 0
1158    2.40176 0
1159    2.4017  0
1160    2.40164 0
1161    2.40158 0
1162    2.40152 0
1163    2.40146 0
1164    2.40141 0
1165    2.40135 0
1166    2.40129 0
1167    2.40123 0
1168    2.40117 0
1169    2.40112 0
1170    2.40106 0
1171    2.401   0
1172    2.40094 0
1173    2.40089 0
1174    2.40083 0
1175    2.40077 0
1176    2.40072 0
1177    2.40066 0
1178    2.4006  0
1179    2.40055 0
1180    2.40049 0
1181    2.40043 0
1182    2.40038 0
1183    2.40032 0
1184    2.40027 0
1185    2.40021 0
1186    2.40016 0
1187    2.4001  0
1188    2.40005 0
1189    2.39999 0
1190    2.39994 0
1191    2.39988 0
1192    2.39983 0
1193    2.39977 0
1194    2.39972 0
1195    2.39967 0
1196    2.39961 0
1197    2.39956 0
1198    2.39951 0
1199    2.39945 0
1200    2.3994  0
1201    2.39935 0
1202    2.39929 0
1203    2.39924 0
1204    2.39919 0
1205    2.39914 0
1206    2.39908 0
1207    2.39903 0
1208    2.39898 0
1209    2.39893 0
1210    2.39888 0
1211    2.39882 0
1212    2.39877 0
1213    2.39872 0
1214    2.39867 0
1215    2.39862 0
1216    2.39857 0
1217    2.39852 0
1218    2.39847 0
1219    2.39842 0
1220    2.39837 0
1221    2.39832 0
1222    2.39827 0
1223    2.39821 0
1224    2.39816 0
1225    2.39812 0
1226    2.39807 0
1227    2.39802 0
1228    2.39797 0
1229    2.39792 0
1230    2.39787 0
1231    2.39782 0
1232    2.39777 0
1233    2.39772 0
1234    2.39767 0
1235    2.39762 0
1236    2.39758 0
1237    2.39753 0
1238    2.39748 0
1239    2.39743 0
1240    2.39738 0
1241    2.39734 0
1242    2.39729 0
1243    2.39724 0
1244    2.39719 0
1245    2.39715 0
1246    2.3971  0
1247    2.39705 0
1248    2.397   0
1249    2.39696 0
1250    2.39691 0
1251    2.39686 0
1252    2.39682 0
1253    2.39677 0
1254    2.39673 0
1255    2.39668 0
1256    2.39663 0
1257    2.39659 0
1258    2.39654 0
1259    2.3965  0
1260    2.39645 0
1261    2.3964  0
1262    2.39636 0
1263    2.39631 0
1264    2.39627 0
1265    2.39622 0
1266    2.39618 0
1267    2.39613 0
1268    2.39609 0
1269    2.39605 0
1270    2.396   0
1271    2.39596 0
1272    2.39591 0
1273    2.39587 0
1274    2.39582 0
1275    2.39578 0
1276    2.39574 0
1277    2.39569 0
1278    2.39565 0
1279    2.39561 0
1280    2.39556 0
1281    2.39552 0
1282    2.39548 0
1283    2.39543 0
1284    2.39539 0
1285    2.39535 0
1286    2.3953  0
1287    2.39526 0
1288    2.39522 0
1289    2.39518 0
1290    2.39513 0
1291    2.39509 0
1292    2.39505 0
1293    2.39501 0
1294    2.39497 0
1295    2.39492 0
1296    2.39488 0
1297    2.39484 0
1298    2.3948  0
1299    2.39476 0
1300    2.39472 0
1301    2.39468 0
1302    2.39463 0
1303    2.39459 0
1304    2.39455 0
1305    2.39451 0
1306    2.39447 0
1307    2.39443 0
1308    2.39439 0
1309    2.39435 0
1310    2.39431 0
1311    2.39427 0
1312    2.39423 0
1313    2.39419 0
1314    2.39415 0
1315    2.39411 0
1316    2.39407 0
1317    2.39403 0
1318    2.39399 0
1319    2.39395 0
1320    2.39391 0
1321    2.39387 0
1322    2.39383 0
1323    2.39379 0
1324    2.39376 0
1325    2.39372 0
1326    2.39368 0
1327    2.39364 0
1328    2.3936  0
1329    2.39356 0
1330    2.39352 0
1331    2.39348 0
1332    2.39345 0
1333    2.39341 0
1334    2.39337 0
1335    2.39333 0
1336    2.39329 0
1337    2.39326 0
1338    2.39322 0
1339    2.39318 0
1340    2.39314 0
1341    2.39311 0
1342    2.39307 0
1343    2.39303 0
1344    2.39299 0
1345    2.39296 0
1346    2.39292 0
1347    2.39288 0
1348    2.39285 0
1349    2.39281 0
1350    2.39277 0
1351    2.39274 0
1352    2.3927  0
1353    2.39266 0
1354    2.39263 0
1355    2.39259 0
1356    2.39255 0
1357    2.39252 0
1358    2.39248 0
1359    2.39245 0
1360    2.39241 0
1361    2.39237 0
1362    2.39234 0
1363    2.3923  0
1364    2.39227 0
1365    2.39223 0
1366    2.3922  0
1367    2.39216 0
1368    2.39213 0
1369    2.39209 0
1370    2.39206 0
1371    2.39202 0
1372    2.39199 0
1373    2.39195 0
1374    2.39192 0
1375    2.39188 0
1376    2.39185 0
1377    2.39181 0
1378    2.39178 0
1379    2.39174 0
1380    2.39171 0
1381    2.39168 0
1382    2.39164 0
1383    2.39161 0
1384    2.39157 0
1385    2.39154 0
1386    2.39151 0
1387    2.39147 0
1388    2.39144 0
1389    2.39141 0
1390    2.39137 0
1391    2.39134 0
1392    2.39131 0
1393    2.39127 0
1394    2.39124 0
1395    2.39121 0
1396    2.39117 0
1397    2.39114 0
1398    2.39111 0
1399    2.39107 0
1400    2.39104 0
1401    2.39101 0
1402    2.39098 0
1403    2.39094 0
1404    2.39091 0
1405    2.39088 0
1406    2.39085 0
1407    2.39081 0
1408    2.39078 0
1409    2.39075 0
1410    2.39072 0
1411    2.39069 0
1412    2.39065 0
1413    2.39062 0
1414    2.39059 0
1415    2.39056 0
1416    2.39053 0
1417    2.3905  0
1418    2.39046 0
1419    2.39043 0
1420    2.3904  0
1421    2.39037 0
1422    2.39034 0
1423    2.39031 0
1424    2.39028 0
1425    2.39025 0
1426    2.39022 0
1427    2.39018 0
1428    2.39015 0
1429    2.39012 0
1430    2.39009 0
1431    2.39006 0
1432    2.39003 0
1433    2.39    0
1434    2.38997 0
1435    2.38994 0
1436    2.38991 0
1437    2.38988 0
1438    2.38985 0
1439    2.38982 0
1440    2.38979 0
1441    2.38976 0
1442    2.38973 0
1443    2.3897  0
1444    2.38967 0
1445    2.38964 0
1446    2.38961 0
1447    2.38958 0
1448    2.38955 0
1449    2.38952 0
1450    2.38949 0
1451    2.38946 0
1452    2.38943 0
1453    2.38941 0
1454    2.38938 0
1455    2.38935 0
1456    2.38932 0
1457    2.38929 0
1458    2.38926 0
1459    2.38923 0
1460    2.3892  0
1461    2.38917 0
1462    2.38915 0
1463    2.38912 0
1464    2.38909 0
1465    2.38906 0
1466    2.38903 0
1467    2.389   0
1468    2.38897 0
1469    2.38895 0
1470    2.38892 0
1471    2.38889 0
1472    2.38886 0
1473    2.38883 0
1474    2.38881 0
1475    2.38878 0
1476    2.38875 0
1477    2.38872 0
1478    2.3887  0
1479    2.38867 0
1480    2.38864 0
1481    2.38861 0
1482    2.38859 0
1483    2.38856 0
1484    2.38853 0
1485    2.3885  0
1486    2.38848 0
1487    2.38845 0
1488    2.38842 0
1489    2.3884  0
1490    2.38837 0
1491    2.38834 0
1492    2.38831 0
1493    2.38829 0
1494    2.38826 0
1495    2.38823 0
1496    2.38821 0
1497    2.38818 0
1498    2.38815 0
1499    2.38813 0
1500    2.3881  0
1501    2.38808 0
1502    2.38805 0
1503    2.38802 0
1504    2.388   0
1505    2.38797 0
1506    2.38794 0
1507    2.38792 0
1508    2.38789 0
1509    2.38787 0
1510    2.38784 0
1511    2.38781 0
1512    2.38779 0
1513    2.38776 0
1514    2.38774 0
1515    2.38771 0
1516    2.38769 0
1517    2.38766 0
1518    2.38764 0
1519    2.38761 0
1520    2.38758 0
1521    2.38756 0
1522    2.38753 0
1523    2.38751 0
1524    2.38748 0
1525    2.38746 0
1526    2.38743 0
1527    2.38741 0
1528    2.38738 0
1529    2.38736 0
1530    2.38733 0
1531    2.38731 0
1532    2.38728 0
1533    2.38726 0
1534    2.38723 0
1535    2.38721 0
1536    2.38719 0
1537    2.38716 0
1538    2.38714 0
1539    2.38711 0
1540    2.38709 0
1541    2.38706 0
1542    2.38704 0
1543    2.38702 0
1544    2.38699 0
1545    2.38697 0
1546    2.38694 0
1547    2.38692 0
1548    2.38689 0
1549    2.38687 0
1550    2.38685 0
1551    2.38682 0
1552    2.3868  0
1553    2.38678 0
1554    2.38675 0
1555    2.38673 0
1556    2.3867  0
1557    2.38668 0
1558    2.38666 0
1559    2.38663 0
1560    2.38661 0
1561    2.38659 0
1562    2.38656 0
1563    2.38654 0
1564    2.38652 0
1565    2.38649 0
1566    2.38647 0
1567    2.38645 0
1568    2.38643 0
1569    2.3864  0
1570    2.38638 0
1571    2.38636 0
1572    2.38633 0
1573    2.38631 0
1574    2.38629 0
1575    2.38627 0
1576    2.38624 0
1577    2.38622 0
1578    2.3862  0
1579    2.38618 0
1580    2.38615 0
1581    2.38613 0
1582    2.38611 0
1583    2.38609 0
1584    2.38606 0
1585    2.38604 0
1586    2.38602 0
1587    2.386   0
1588    2.38597 0
1589    2.38595 0
1590    2.38593 0
1591    2.38591 0
1592    2.38589 0
1593    2.38586 0
1594    2.38584 0
1595    2.38582 0
1596    2.3858  0
1597    2.38578 0
1598    2.38576 0
1599    2.38573 0
1600    2.38571 0
1601    2.38569 0
1602    2.38567 0
1603    2.38565 0
1604    2.38563 0
1605    2.3856  0
1606    2.38558 0
1607    2.38556 0
1608    2.38554 0
1609    2.38552 0
1610    2.3855  0
1611    2.38548 0
1612    2.38546 0
1613    2.38543 0
1614    2.38541 0
1615    2.38539 0
1616    2.38537 0
1617    2.38535 0
1618    2.38533 0
1619    2.38531 0
1620    2.38529 0
1621    2.38527 0
1622    2.38525 0
1623    2.38523 0
1624    2.38521 0
1625    2.38518 0
1626    2.38516 0
1627    2.38514 0
1628    2.38512 0
1629    2.3851  0
1630    2.38508 0
1631    2.38506 0
1632    2.38504 0
1633    2.38502 0
1634    2.385   0
1635    2.38498 0
1636    2.38496 0
1637    2.38494 0
1638    2.38492 0
1639    2.3849  0
1640    2.38488 0
1641    2.38486 0
1642    2.38484 0
1643    2.38482 0
1644    2.3848  0
1645    2.38478 0
1646    2.38476 0
1647    2.38474 0
1648    2.38472 0
1649    2.3847  0
1650    2.38468 0
1651    2.38466 0
1652    2.38464 0
1653    2.38462 0
1654    2.3846  0
1655    2.38458 0
1656    2.38456 0
1657    2.38454 0
1658    2.38453 0
1659    2.38451 0
1660    2.38449 0
1661    2.38447 0
1662    2.38445 0
1663    2.38443 0
1664    2.38441 0
1665    2.38439 0
1666    2.38437 0
1667    2.38435 0
1668    2.38433 0
1669    2.38431 0
1670    2.3843  0
1671    2.38428 0
1672    2.38426 0
1673    2.38424 0
1674    2.38422 0
1675    2.3842  0
1676    2.38418 0
1677    2.38416 0
1678    2.38415 0
1679    2.38413 0
1680    2.38411 0
1681    2.38409 0
1682    2.38407 0
1683    2.38405 0
1684    2.38403 0
1685    2.38402 0
1686    2.384   0
1687    2.38398 0
1688    2.38396 0
1689    2.38394 0
1690    2.38392 0
1691    2.38391 0
1692    2.38389 0
1693    2.38387 0
1694    2.38385 0
1695    2.38383 0
1696    2.38381 0
1697    2.3838  0
1698    2.38378 0
1699    2.38376 0
1700    2.38374 0
1701    2.38372 0
1702    2.38371 0
1703    2.38369 0
1704    2.38367 0
1705    2.38365 0
1706    2.38364 0
1707    2.38362 0
1708    2.3836  0
1709    2.38358 0
1710    2.38357 0
1711    2.38355 0
1712    2.38353 0
1713    2.38351 0
1714    2.3835  0
1715    2.38348 0
1716    2.38346 0
1717    2.38344 0
1718    2.38343 0
1719    2.38341 0
1720    2.38339 0
1721    2.38337 0
1722    2.38336 0
1723    2.38334 0
1724    2.38332 0
1725    2.3833  0
1726    2.38329 0
1727    2.38327 0
1728    2.38325 0
1729    2.38324 0
1730    2.38322 0
1731    2.3832  0
1732    2.38319 0
1733    2.38317 0
1734    2.38315 0
1735    2.38313 0
1736    2.38312 0
1737    2.3831  0
1738    2.38308 0
1739    2.38307 0
1740    2.38305 0
1741    2.38303 0
1742    2.38302 0
1743    2.383   0
1744    2.38298 0
1745    2.38297 0
1746    2.38295 0
1747    2.38293 0
1748    2.38292 0
1749    2.3829  0
1750    2.38289 0
1751    2.38287 0
1752    2.38285 0
1753    2.38284 0
1754    2.38282 0
1755    2.3828  0
1756    2.38279 0
1757    2.38277 0
1758    2.38276 0
1759    2.38274 0
1760    2.38272 0
1761    2.38271 0
1762    2.38269 0
1763    2.38267 0
1764    2.38266 0
1765    2.38264 0
1766    2.38263 0
1767    2.38261 0
1768    2.3826  0
1769    2.38258 0
1770    2.38256 0
1771    2.38255 0
1772    2.38253 0
1773    2.38252 0
1774    2.3825  0
1775    2.38248 0
1776    2.38247 0
1777    2.38245 0
1778    2.38244 0
1779    2.38242 0
1780    2.38241 0
1781    2.38239 0
1782    2.38238 0
1783    2.38236 0
1784    2.38234 0
1785    2.38233 0
1786    2.38231 0
1787    2.3823  0
1788    2.38228 0
1789    2.38227 0
1790    2.38225 0
1791    2.38224 0
1792    2.38222 0
1793    2.38221 0
1794    2.38219 0
1795    2.38218 0
1796    2.38216 0
1797    2.38215 0
1798    2.38213 0
1799    2.38212 0
1800    2.3821  0
