250.0   2.468      0.8464
255.0   2.484      0.8020
260.0   2.498      0.7579
265.0   2.509      0.7144
270.0   2.518      0.6715
275.0   2.524      0.6294
280.0   2.528      0.5881
285.0   2.530      0.5479
290.0   2.530      0.5087
295.0   2.528      0.4707
300.0   2.524      0.4339
305.0   2.519      0.3984
310.0   2.512      0.3642
315.0   2.503      0.3313
320.0   2.493      0.2999
325.0   2.482      0.2699
330.0   2.470      0.2414
335.0   2.457      0.2144
340.0   2.442      0.1890
345.0   2.427      0.1650
350.0   2.411      0.1426
355.0   2.395      0.1218
360.0   2.378      0.1026
365.0   2.360      8.504E-2
370.0   2.342      6.906E-2
375.0   2.324      5.471E-2
380.0   2.306      4.200E-2
385.0   2.287      3.095E-2
390.0   2.269      2.156E-2
395.0   2.251      1.386E-2
400.0   2.233      7.842E-3
405.0   2.216      3.523E-3
410.0   2.200      9.080E-4
415.0   2.185      1.000E-6
420.0   2.172      0.000
425.0   2.161      0.000
430.0   2.151      0.000
435.0   2.141      0.000
440.0   2.133      0.000
445.0   2.124      0.000
450.0   2.117      0.000
455.0   2.109      0.000
460.0   2.103      0.000
465.0   2.096      0.000
470.0   2.090      0.000
475.0   2.085      0.000
480.0   2.079      0.000
485.0   2.074      0.000
490.0   2.069      0.000
495.0   2.064      0.000
500.0   2.060      0.000
505.0   2.055      0.000
510.0   2.051      0.000
515.0   2.047      0.000
520.0   2.044      0.000
525.0   2.040      0.000
530.0   2.036      0.000
535.0   2.033      0.000
540.0   2.030      0.000
545.0   2.027      0.000
550.0   2.024      0.000
555.0   2.021      0.000
560.0   2.018      0.000
565.0   2.015      0.000
570.0   2.013      0.000
575.0   2.010      0.000
580.0   2.008      0.000
585.0   2.005      0.000
590.0   2.003      0.000
595.0   2.001      0.000
600.0   1.999      0.000
605.0   1.997      0.000
610.0   1.995      0.000
615.0   1.993      0.000
620.0   1.991      0.000
625.0   1.989      0.000
630.0   1.987      0.000
635.0   1.986      0.000
640.0   1.984      0.000
645.0   1.982      0.000
650.0   1.981      0.000
655.0   1.979      0.000
660.0   1.978      0.000
665.0   1.976      0.000
670.0   1.975      0.000
675.0   1.973      0.000
680.0   1.972      0.000
685.0   1.971      0.000
690.0   1.969      0.000
695.0   1.968      0.000
700.0   1.967      0.000
705.0   1.966      0.000
710.0   1.965      0.000
715.0   1.964      0.000
720.0   1.962      0.000
725.0   1.961      0.000
730.0   1.960      0.000
735.0   1.959      0.000
740.0   1.958      0.000
745.0   1.957      0.000
750.0   1.956      0.000
755.0   1.955      0.000
760.0   1.954      0.000
765.0   1.954      0.000
770.0   1.953      0.000
775.0   1.952      0.000
780.0   1.951      0.000
785.0   1.950      0.000
790.0   1.949      0.000
795.0   1.949      0.000
800.0   1.948      0.000
805.0   1.947      0.000
810.0   1.946      0.000
815.0   1.946      0.000
820.0   1.945      0.000
825.0   1.944      0.000
830.0   1.943      0.000
835.0   1.943      0.000
840.0   1.942      0.000
845.0   1.942      0.000
850.0   1.941      0.000
855.0   1.940      0.000
860.0   1.940      0.000
865.0   1.939      0.000
870.0   1.938      0.000
875.0   1.938      0.000
880.0   1.937      0.000
885.0   1.937      0.000
890.0   1.936      0.000
895.0   1.936      0.000
900.0   1.935      0.000
905.0   1.935      0.000
910.0   1.934      0.000
915.0   1.934      0.000
920.0   1.933      0.000
925.0   1.933      0.000
930.0   1.932      0.000
935.0   1.932      0.000
940.0   1.931      0.000
945.0   1.931      0.000
950.0   1.930      0.000
955.0   1.930      0.000
960.0   1.930      0.000
965.0   1.929      0.000
970.0   1.929      0.000
975.0   1.928      0.000
980.0   1.928      0.000
985.0   1.928      0.000
990.0   1.927      0.000
995.0   1.927      0.000
1000    1.926      0.000
1005    1.926      0.000
1010    1.926      0.000
1015    1.925      0.000
1020    1.925      0.000
1025    1.925      0.000
1030    1.924      0.000
1035    1.924      0.000
1040    1.924      0.000
1045    1.923      0.000
1050    1.923      0.000
1055    1.923      0.000
1060    1.922      0.000
1065    1.922      0.000
1070    1.922      0.000
1075    1.922      0.000
1080    1.921      0.000
1085    1.921      0.000
1090    1.921      0.000
1095    1.920      0.000
1100    1.920      0.000
1105    1.920      0.000
1110    1.920      0.000
1115    1.919      0.000
1120    1.919      0.000
1125    1.919      0.000
1130    1.919      0.000
1135    1.918      0.000
1140    1.918      0.000
1145    1.918      0.000
1150    1.918      0.000
1155    1.917      0.000
1160    1.917      0.000
1165    1.917      0.000
1170    1.917      0.000
1175    1.917      0.000
1180    1.916      0.000
1185    1.916      0.000
1190    1.916      0.000
1195    1.916      0.000
1200    1.915      0.000
1205    1.915      0.000
1210    1.915      0.000
1215    1.915      0.000
1220    1.915      0.000
1225    1.914      0.000
1230    1.914      0.000
1235    1.914      0.000
1240    1.914      0.000
1245    1.914      0.000
1250    1.914      0.000
1255    1.913      0.000
1260    1.913      0.000
1265    1.913      0.000
1270    1.913      0.000
1275    1.913      0.000
1280    1.912      0.000
1285    1.912      0.000
1290    1.912      0.000
1295    1.912      0.000
1300    1.912      0.000
1305    1.912      0.000
1310    1.911      0.000
1315    1.911      0.000
1320    1.911      0.000
1325    1.911      0.000
1330    1.911      0.000
1335    1.911      0.000
1340    1.911      0.000
1345    1.910      0.000
1350    1.910      0.000
1355    1.910      0.000
1360    1.910      0.000
1365    1.910      0.000
1370    1.910      0.000
1375    1.910      0.000
1380    1.909      0.000
1385    1.909      0.000
1390    1.909      0.000
1395    1.909      0.000
1400    1.909      0.000
1405    1.909      0.000
1410    1.909      0.000
1415    1.909      0.000
1420    1.908      0.000
1425    1.908      0.000
1430    1.908      0.000
1435    1.908      0.000
1440    1.908      0.000
1445    1.908      0.000
1450    1.908      0.000
1455    1.908      0.000
1460    1.908      0.000
1465    1.907      0.000
1470    1.907      0.000
1475    1.907      0.000
1480    1.907      0.000
1485    1.907      0.000
1490    1.907      0.000
1495    1.907      0.000
1500    1.907      0.000
1505    1.907      0.000
1510    1.906      0.000
1515    1.906      0.000
1520    1.906      0.000
1525    1.906      0.000
1530    1.906      0.000
1535    1.906      0.000
1540    1.906      0.000
1545    1.906      0.000
1550    1.906      0.000
1555    1.906      0.000
1560    1.905      0.000
1565    1.905      0.000
1570    1.905      0.000
1575    1.905      0.000
1580    1.905      0.000
1585    1.905      0.000
1590    1.905      0.000
1595    1.905      0.000
1600    1.905      0.000
1605    1.905      0.000
1610    1.905      0.000
1615    1.905      0.000
1620    1.904      0.000
1625    1.904      0.000
1630    1.904      0.000
1635    1.904      0.000
1640    1.904      0.000
1645    1.904      0.000
1650    1.904      0.000
1655    1.904      0.000
1660    1.904      0.000
1665    1.904      0.000
1670    1.904      0.000
1675    1.904      0.000
1680    1.904      0.000
1685    1.903      0.000
1690    1.903      0.000
1695    1.903      0.000
1700    1.903      0.000
1705    1.903      0.000
1710    1.903      0.000
1715    1.903      0.000
1720    1.903      0.000
1725    1.903      0.000
1730    1.903      0.000
1735    1.903      0.000
1740    1.903      0.000
1745    1.903      0.000
1750    1.903      0.000
1755    1.903      0.000
1760    1.902      0.000
1765    1.902      0.000
1770    1.902      0.000
1775    1.902      0.000
1780    1.902      0.000
1785    1.902      0.000
1790    1.902      0.000
1795    1.902      0.000
1800    1.902      0.000
1805    1.902      0.000
1810    1.902      0.000
1815    1.902      0.000
1820    1.902      0.000
1825    1.902      0.000
1830    1.902      0.000
1835    1.902      0.000
1840    1.902      0.000
1845    1.901      0.000
1850    1.901      0.000
1855    1.901      0.000
1860    1.901      0.000
1865    1.901      0.000
1870    1.901      0.000
1875    1.901      0.000
1880    1.901      0.000
1885    1.901      0.000
1890    1.901      0.000
1895    1.901      0.000
1900    1.901      0.000
1905    1.901      0.000
1910    1.901      0.000
1915    1.901      0.000
1920    1.901      0.000
1925    1.901      0.000
1930    1.901      0.000
1935    1.901      0.000
1940    1.901      0.000
1945    1.900      0.000
1950    1.900      0.000
1955    1.900      0.000
1960    1.900      0.000
1965    1.900      0.000
1970    1.900      0.000
1975    1.900      0.000
1980    1.900      0.000
1985    1.900      0.000
1990    1.900      0.000
1995    1.900      0.000
2000    1.900      0.000
