340	3.805	8.04E-02			
345	3.458	4.90E-02			
350	3.24	3.36E-02			
355	3.089	2.47E-02			
360	2.979	1.92E-02			
365	2.894	1.54E-02			
370	2.827	1.27E-02			
375	2.772	1.07E-02			
380	2.727	9.23E-03			
385	2.689	8.05E-03			
390	2.657	7.12E-03			
395	2.629	6.36E-03			
400	2.604	5.73E-03			
405	2.583	5.21E-03			
410	2.564	4.77E-03			
415	2.547	4.39E-03			
420	2.532	4.07E-03			
425	2.518	3.79E-03			
430	2.506	3.54E-03			
435	2.494	3.33E-03			
440	2.484	3.14E-03			
445	2.474	2.97E-03			
450	2.465	2.82E-03			
455	2.457	2.69E-03			
460	2.45	2.57E-03			
465	2.443	2.46E-03			
470	2.436	2.36E-03			
475	2.43	2.27E-03			
480	2.424	2.19E-03			
485	2.419	2.12E-03			
490	2.414	2.05E-03			
495	2.409	1.99E-03			
500	2.405	1.94E-03			
505	2.4	1.89E-03			
510	2.397	1.84E-03			
515	2.393	1.80E-03			
520	2.389	1.76E-03			
525	2.386	1.72E-03			
530	2.382	1.69E-03			
535	2.379	1.66E-03			
540	2.376	1.63E-03			
545	2.374	1.61E-03			
550	2.371	1.59E-03			
555	2.368	1.57E-03			
560	2.366	1.55E-03			
565	2.364	1.53E-03			
570	2.361	1.51E-03			
575	2.359	1.50E-03			
580	2.357	1.49E-03			
585	2.355	1.48E-03			
590	2.353	1.47E-03			
595	2.351	1.46E-03			
600	2.35	1.45E-03			
605	2.348	1.44E-03			
610	2.346	1.44E-03			
615	2.345	1.44E-03			
620	2.343	1.43E-03			
625	2.342	1.43E-03			
630	2.34	1.43E-03			
635	2.339	1.43E-03			
640	2.337	1.43E-03			
645	2.336	1.43E-03			
650	2.335	1.43E-03			
655	2.334	1.43E-03			
660	2.332	1.44E-03			
665	2.331	1.44E-03			
670	2.33	1.45E-03			
675	2.329	1.45E-03			
680	2.328	1.46E-03			
685	2.327	1.47E-03			
690	2.326	1.47E-03			
695	2.325	1.48E-03			
700	2.324	1.49E-03			
705	2.323	1.50E-03			
710	2.322	1.51E-03			
715	2.321	1.52E-03			
720	2.321	1.53E-03			
725	2.32	1.54E-03			
730	2.319	1.55E-03			
735	2.318	1.56E-03			
740	2.317	1.58E-03			
745	2.317	1.59E-03			
750	2.316	1.60E-03			
755	2.315	1.62E-03			
760	2.314	1.63E-03			
765	2.314	1.65E-03			
770	2.313	1.66E-03			
775	2.312	1.68E-03			
780	2.312	1.69E-03			
785	2.311	1.71E-03			
790	2.31	1.73E-03			
795	2.31	1.75E-03			
800	2.309	1.77E-03			
805	2.309	1.78E-03			
810	2.308	1.80E-03			
815	2.308	1.82E-03			
820	2.307	1.84E-03			
825	2.306	1.86E-03			
830	2.306	1.88E-03			
835	2.305	1.91E-03			
840	2.305	1.93E-03			
845	2.304	1.95E-03			
850	2.304	1.97E-03			
855	2.303	2.00E-03			
860	2.303	2.02E-03			
865	2.302	2.04E-03			
870	2.302	2.07E-03			
875	2.302	2.09E-03			
880	2.301	2.12E-03			
885	2.301	2.14E-03			
890	2.3	2.17E-03			
895	2.3	2.20E-03			
900	2.299	2.22E-03			
905	2.299	2.25E-03			
910	2.299	2.28E-03			
915	2.298	2.31E-03			
920	2.298	2.33E-03			
925	2.297	2.36E-03			
930	2.297	2.39E-03			
935	2.297	2.42E-03			
940	2.296	2.45E-03			
945	2.296	2.48E-03			
950	2.295	2.52E-03			
955	2.295	2.55E-03			
960	2.295	2.58E-03			
965	2.294	2.61E-03			
970	2.294	2.64E-03			
975	2.294	2.68E-03			
980	2.293	2.71E-03			
985	2.293	2.75E-03			
990	2.293	2.78E-03			
995	2.292	2.82E-03			
1000	2.292	2.85E-03			
1005	2.292	2.89E-03			
1010	2.291	2.92E-03			
1015	2.291	2.96E-03			
1020	2.291	3.00E-03			
1025	2.291	3.03E-03			
1030	2.29	3.07E-03			
1035	2.29	3.11E-03			
1040	2.29	3.15E-03			
1045	2.289	3.19E-03			
1050	2.289	3.23E-03			
1055	2.289	3.27E-03			
1060	2.288	3.31E-03			
1065	2.288	3.35E-03			
1070	2.288	3.39E-03			
1075	2.288	3.44E-03			
1080	2.287	3.48E-03			
1085	2.287	3.52E-03			
1090	2.287	3.57E-03			
1095	2.287	3.61E-03			
1100	2.286	3.66E-03			
1105	2.286	3.70E-03			
1110	2.286	3.75E-03			
1115	2.285	3.79E-03			
1120	2.285	3.84E-03			
1125	2.285	3.89E-03			
1130	2.285	3.93E-03			
1135	2.284	3.98E-03			
1140	2.284	4.03E-03			
1145	2.284	4.08E-03			
1150	2.284	4.13E-03			
1155	2.283	4.18E-03			
1160	2.283	4.23E-03			
1165	2.283	4.28E-03			
1170	2.283	4.33E-03			
1175	2.283	4.38E-03			
1180	2.282	4.43E-03			
1185	2.282	4.49E-03			
1190	2.282	4.54E-03			
1195	2.282	4.59E-03			
1200	2.281	4.65E-03			
1205	2.281	4.70E-03			
1210	2.281	4.76E-03			
1215	2.281	4.82E-03			
1220	2.28	4.87E-03			
1225	2.28	4.93E-03			
1230	2.28	4.99E-03			
1235	2.28	5.04E-03			
1240	2.28	5.10E-03			
1245	2.279	5.16E-03			
1250	2.279	5.22E-03			
1255	2.279	5.28E-03			
1260	2.279	5.34E-03			
1265	2.278	5.40E-03			
1270	2.278	5.47E-03			
1275	2.278	5.53E-03			
1280	2.278	5.59E-03			
1285	2.278	5.65E-03			
1290	2.277	5.72E-03			
1295	2.277	5.78E-03			
1300	2.277	5.85E-03			
1305	2.277	5.91E-03			
1310	2.277	5.98E-03			
1315	2.276	6.05E-03			
1320	2.276	6.11E-03			
1325	2.276	6.18E-03			
1330	2.276	6.25E-03			
1335	2.276	6.32E-03			
1340	2.275	6.39E-03			
1345	2.275	6.46E-03			
1350	2.275	6.53E-03			
1355	2.275	6.60E-03			
1360	2.275	6.67E-03			
1365	2.274	6.74E-03			
1370	2.274	6.82E-03			
1375	2.274	6.89E-03			
1380	2.274	6.97E-03			
1385	2.274	7.04E-03			
1390	2.273	7.12E-03			
1395	2.273	7.19E-03			
1400	2.273	7.27E-03			
1405	2.273	7.34E-03			
1410	2.273	7.42E-03			
1415	2.272	7.50E-03			
1420	2.272	7.58E-03			
1425	2.272	7.66E-03			
1430	2.272	7.74E-03			
1435	2.272	7.82E-03			
1440	2.272	7.90E-03			
1445	2.271	7.98E-03			
1450	2.271	8.07E-03			
1455	2.271	8.15E-03			
1460	2.271	8.23E-03			
1465	2.271	8.32E-03			
1470	2.27	8.40E-03			
1475	2.27	8.49E-03			
1480	2.27	8.58E-03			
1485	2.27	8.66E-03			
1490	2.27	8.75E-03			
1495	2.269	8.84E-03			
1500	2.269	8.93E-03			
1505	2.269	9.02E-03			
1510	2.269	9.11E-03			
1515	2.269	9.20E-03			
1520	2.269	9.29E-03			
1525	2.268	9.38E-03			
1530	2.268	9.47E-03			
1535	2.268	9.57E-03			
1540	2.268	9.66E-03			
1545	2.268	9.76E-03			
1550	2.267	9.85E-03			
1555	2.267	9.95E-03			
1560	2.267	1.01E-02			
1565	2.267	1.01E-02			
1570	2.267	1.02E-02			
1575	2.267	1.03E-02			
1580	2.266	1.04E-02			
1585	2.266	1.05E-02			
1590	2.266	1.06E-02			
1595	2.266	1.07E-02			
1600	2.266	1.08E-02			
1605	2.266	1.10E-02			
1610	2.265	1.11E-02			
1615	2.265	1.12E-02			
1620	2.265	1.13E-02			
1625	2.265	1.14E-02			
1630	2.265	1.15E-02			
1635	2.264	1.16E-02			
1640	2.264	1.17E-02			
1645	2.264	1.18E-02			
1650	2.264	1.19E-02			
1655	2.264	1.20E-02			
1660	2.264	1.21E-02			
1665	2.263	1.22E-02			
1670	2.263	1.24E-02			
1675	2.263	1.25E-02			
1680	2.263	1.26E-02			
1685	2.263	1.27E-02			
1690	2.263	1.28E-02			
1695	2.262	1.29E-02			
1700	2.262	1.30E-02			
1705	2.262	1.32E-02			
1710	2.262	1.33E-02			
1715	2.262	1.34E-02			
1720	2.262	1.35E-02			
1725	2.261	1.36E-02			
1730	2.261	1.38E-02			
1735	2.261	1.39E-02			
1740	2.261	1.40E-02			
1745	2.261	1.41E-02			
1750	2.261	1.43E-02			
1755	2.26	1.44E-02			
1760	2.26	1.45E-02			
1765	2.26	1.46E-02			
1770	2.26	1.48E-02			
1775	2.26	1.49E-02			
1780	2.26	1.50E-02			
1785	2.259	1.51E-02			
1790	2.259	1.53E-02			
1795	2.259	1.54E-02			
1800	2.259	1.55E-02			
1805	2.259	1.57E-02			
1810	2.259	1.58E-02			
1815	2.258	1.59E-02			
1820	2.258	1.61E-02			
1825	2.258	1.62E-02			
1830	2.258	1.63E-02			
1835	2.258	1.65E-02			
1840	2.258	1.66E-02			
1845	2.257	1.68E-02			
1850	2.257	1.69E-02			
1855	2.257	1.70E-02			
1860	2.257	1.72E-02			
1865	2.257	1.73E-02			
1870	2.257	1.75E-02			
1875	2.256	1.76E-02			
1880	2.256	1.77E-02			
1885	2.256	1.79E-02			
1890	2.256	1.80E-02			
1895	2.256	1.82E-02			
1900	2.256	1.83E-02			
1905	2.255	1.85E-02			
1910	2.255	1.86E-02			
1915	2.255	1.88E-02			
1920	2.255	1.89E-02			
1925	2.255	1.91E-02			
1930	2.255	1.92E-02			
1935	2.255	1.94E-02			
1940	2.254	1.95E-02			
1945	2.254	1.97E-02			
1950	2.254	1.99E-02			
1955	2.254	2.00E-02			
1960	2.254	2.02E-02			
1965	2.254	2.03E-02			
1970	2.253	2.05E-02			
1975	2.253	2.06E-02			
1980	2.253	2.08E-02			
1985	2.253	2.10E-02			
1990	2.253	2.11E-02			
1995	2.253	2.13E-02			
2000	2.252	2.15E-02			
					
					
